b
0.19244 5.66995
-1.93614 4.68663
-2.77161 4.95182
b
-2.77161 4.95182
-5.19824 5.041
-7.4911 4.25716
-7.4911 4.25716
b
-7.4911 4.25716
-9.46479 5.33905
-9.80742 5.68169
b
-9.80742 5.68169
-11.3516 6.80347
b
-11.3516 6.80347
-13.0695 8.26555
-13.1798 9.01185
b
-13.1798 9.01185
-14.0294 9.9717
b
-12.4312 7.49814
-12.4312 7.49814
b
-49.9172 -0.018775
-49.8632 0.225296
b
-50.0275 0.957509
-49.8632 1.73196
b
-59.7082 8.27729
-59.9053 8.46269
b
-57.0609 5.79199
-58.5723 7.50753
-59.7082 8.27729
b
-54.0288 5.48221
-56.2795 5.83423
-57.0609 5.79199
b
-51.5928 4.06941
-53.5125 5.53853
-54.0288 5.48221
b
-50.1941 0.457633
-50.0486 0.037549
b
-49.8632 0.225296
-50.1941 0.457633
b
-50.931 -0.007041
-50.0275 0.957509
b
-49.8632 1.73196
-50.9639 3.78075
-51.5928 4.06941
b
-59.9053 8.46269
-61.7265 9.79804
-62.4094 9.8966
b
-80.0388 9.06582
-77.7131 8.9344
-77.5699 8.78186
b
-77.9008 7.24468
-79.3441 8.96726
-79.9074 8.42983
b
-77.9008 7.24468
-77.4479 5.00815
-77.7671 2.71763
-78.8818 1.37759
b
-78.8701 1.37759
-79.8299 0.823739
b
-75.6713 10.0163
-76.7532 8.05669
-77.5699 8.78186
b
-71.318 10.1149
-72.0126 9.87548
b
-81.8036 7.70701
-81.8036 7.70701
b
-83.2352 10.1149
-82.7189 9.67835
b
-82.7189 9.67835
-80.534 9.08695
-80.0388 9.06582
b
-79.9074 8.42983
-82.1885 8.26555
-83.0263 8.31014
b
-83.0263 8.31014
-84.702 9.87548
-84.7912 9.93885
b
-85.176 10.0163
-85.6947 9.96231
b
-79.8299 0.823739
-80.0599 0.171319
b
-91.3834 0.147851
-91.3717 0.103261
b
-91.5266 -0.05163
-91.3834 0.147851
b
-157.344 2.01359
-157.344 2.01359
b
-162.079 5.93749
-162.079 5.93749
b
-176.564 0.227643
-176.564 0.227643
b
170.885 8.86165
170.885 8.86165
b
172.861 1.89155
172.861 1.89155
b
163.112 5.36486
163.112 5.36486
b
166.909 9.28877
166.909 9.28877
b
169.549 5.99382
169.549 5.99382
b
152.127 7.1156
152.127 7.1156
b
153.661 5.60659
153.661 5.60659
b
158.287 7.0053
158.287 7.0053
b
134.729 7.66476
134.729 7.66476
b
138.24 9.58447
138.24 9.58447
b
123.368 10.2158
122.563 9.96466
b
125.687 10.1618
125.654 9.94354
b
126.018 9.99752
126.018 9.99752
b
123.699 10.021
123.368 9.85671
b
123.833 9.84497
123.986 9.95527
b
124.572 10.021
123.833 9.84497
b
125.422 9.71355
126.516 7.72109
125.476 5.59485
124.218 7.44651
122.01 6.9302
123.39 8.7091
125.422 9.67131
125.422 9.71355
b
121.834 6.63216
121.834 6.63216
b
120.951 5.87178
120.951 5.87178
b
119.968 5.18651
120.134 5.09967
b
121.115 1.32596
123.458 0.948121
121.127 0.41539
120.188 0.028162
b
119.956 0.471714
121.115 1.32596
b
125.434 3.71739
125.434 3.71739
b
126.769 4.53643
126.769 4.53643
b
128.557 2.65427
128.501 2.65427
b
127.938 2.22245
127.928 0.061018
b
127.75 -0.269886
127.827 2.13327
127.938 2.22245
b
109.966 1.83522
112.019 2.91946
113.864 4.23838
114.007 4.59041
b
114.007 4.59041
115.244 4.93305
b
115.244 4.93305
116.633 6.71899
118.609 5.58547
117.661 4.19379
b
117.661 4.19379
117.947 1.89155
117.583 0.007041
b
119.13 10.0093
117.375 8.41106
118.51 9.84497
b
119.879 4.98937
119.968 5.18651
b
120.134 5.09967
119.879 4.98937
b
119.792 -0.049284
119.956 0.471714
b
104.049 1.43626
104.049 1.43626
b
100.208 6.44441
100.074 6.67675
b
102.216 6.19095
103.507 4.19379
104.214 2.05583
101.907 2.52285
100.693 4.60214
100.208 6.44441
b
99.9095 9.24418
100.947 6.98418
102.216 6.19095
b
106.631 10.0867
106.61 9.98813
b
106.499 10.0093
104.997 9.86844
b
99.886 3.13068
101.609 1.69207
103.596 0.471714
103.838 0.072752
b
101.817 1.79063
101.817 1.79063
b
102.16 1.6686
102.16 1.6686
b
104.666 1.17107
104.666 1.17107
b
109.623 2.05583
109.966 1.83522
b
109.203 -0.082139
109.623 2.05583
b
100.074 6.67675
98.384 8.22566
98.6398 9.96466
b
99.1913 10.0093
99.9095 9.24418
b
98.384 8.11536
98.384 8.11536
b
93.8476 7.28223
93.7584 7.30335
b
95.3261 5.60659
97.5345 5.19824
99.2899 3.5625
99.886 3.13068
b
99.9634 -0.147851
98.7924 1.86808
97.2153 3.47332
95.4599 5.06682
95.3261 5.60659
b
95.8682 2.80916
95.8682 2.80916
b
97.3021 1.40341
97.3021 1.40341
b
80.0247 9.81212
80.0247 9.81212
b
79.9262 9.74641
80.0482 9.11276
b
79.8933 6.51012
81.4821 8.22566
80.0247 9.81212
b
79.1869 10.0961
77.7952 8.3031
76.3379 9.74641
b
80.0247 9.81212
79.9262 9.74641
b
80.0482 9.11276
79.8159 6.79643
79.8933 6.51012
b
50.8325 10.1594
50.0721 8.21158
b
50.0721 8.21158
49.023 6.05483
47.6454 4.09053
46.0473 2.45244
44.0079 1.06781
43.1372 0.19244
b
36.1014 4.52235
36.7538 2.35388
35.9911 4.52235
35.9911 4.52235
b
34.0291 0.23703
34.0197 0.114995
b
34.0737 0.23703
32.4192 0.103261
b
5.00111 5.82484
2.79508 6.32003
2.79508 6.32003
b
2.79508 6.32003
1.97838 6.25432
b
1.97838 6.25432
1.27433 6.05483
b
1.27433 6.05483
0.19244 5.66995
b
5.00111 5.82484
6.73072 4.3346
8.39698 4.74295
b
9.23245 -0.194787
9.52111 0.97863
b
9.52111 0.97863
9.67365 2.16613
b
9.67365 2.16613
8.89216 4.26655
8.39698 4.74295
b
8.60584 3.81361
8.60584 3.81361
b
6.489 0.314476
6.489 0.314476
b
-14.0294 9.9717
-15.0549 10.833
b
-15.0549 10.833
-16.4325 12.1918
b
-16.4325 12.1918
-16.6977 13.0132
b
-16.6977 13.0132
-16.3997 13.4544
b
-16.3997 13.4544
-16.4114 15.867
-16.3997 15.9092
b
-16.3997 15.9092
-15.9913 18.1223
-16.2026 19.934
b
-15.881 11.0958
-15.881 11.0958
b
-24.9891 17.1413
-24.9891 17.1413
b
-23.9307 16.5569
-23.9307 16.5569
b
-22.8934 16.8878
-22.8934 16.8878
b
-22.8723 16.1228
-22.8723 16.1228
b
-23.6983 15.2474
-23.6983 15.2474
b
-24.339 14.9165
-24.339 14.9165
b
-70.0601 18.3851
-69.9498 19.643
b
-66.047 18.5024
-66.047 18.5024
b
-64.9346 18.4062
-64.9346 18.4062
b
-64.8454 17.7655
-64.8454 17.7655
b
-62.4094 9.8966
-64.714 10.2017
-66.974 10.6382
-69.1237 11.4854
-69.9404 12.2458
b
-70.0178 11.638
-69.9826 11.4314
b
-69.0462 12.2998
-69.0462 12.2998
b
-68.375 12.288
-68.375 12.288
b
-63.8973 11.1709
-63.8973 11.1709
b
-61.5481 12.1801
-61.5481 12.1801
b
-61.0318 13.3042
-61.0318 13.3042
b
-60.9215 14.0364
-60.9215 14.0364
b
-61.1961 14.9047
-61.1961 14.9047
b
-61.3181 15.6205
-61.3181 15.6205
b
-61.4167 16.5053
-61.4167 16.5053
b
-61.825 17.153
-61.825 17.153
b
-62.7849 17.4276
-62.7849 17.4276
b
-60.5131 11.3446
-60.5131 11.3446
b
-60.9426 10.833
-60.9426 10.833
b
-74.9556 20.0068
-77.3376 19.8613
-77.6568 19.8401
b
-77.1499 18.4696
-77.1499 18.4696
b
-73.0476 18.9624
-73.0476 18.9624
b
-71.8038 19.7979
-73.8197 18.5846
-71.7686 18.0495
b
-71.7686 18.0495
-70.0601 18.3851
b
-69.9498 19.643
-71.8038 19.7979
b
-71.3062 11.8234
-73.5897 11.2695
-75.6385 10.2134
-75.6713 10.0163
b
-69.9404 12.2458
-70.0178 11.638
b
-69.9826 11.4314
-71.318 10.1149
b
-72.0126 9.87548
-71.3062 11.8234
b
-87.4924 20.0185
-88.3959 18.5752
b
-88.3959 18.5752
-88.7033 16.2706
-88.9591 15.8975
b
-88.9591 15.8975
-88.3396 15.7285
b
-88.2856 15.7285
-86.0467 15.9209
-83.8196 15.4398
-83.2798 14.8954
b
-83.2798 14.8954
-83.5896 12.6776
-83.6764 10.8776
b
-83.6764 10.8776
-83.2352 10.1149
b
-84.7912 9.93885
-85.176 10.0163
b
-85.6947 9.96231
-85.7933 11.0512
b
-85.7933 11.0512
-87.3914 12.6987
-87.3375 13.0226
b
-87.3375 13.0226
-87.7787 13.4239
b
-87.7787 13.4239
-89.8063 13.5624
b
-85.5515 11.2484
-84.8569 11.1263
b
-96.4573 20.0021
-94.9999 18.648
b
-100.046 16.9442
-97.9475 16.0641
-95.6852 15.8294
-95.0445 16.1486
b
-94.9999 18.648
-92.7188 18.6691
-90.7451 19.7463
-90.6348 19.8918
b
-89.8063 13.5624
-90.2593 13.8416
b
-90.2593 13.8416
-92.2095 14.5621
b
-92.2095 14.5621
-93.9743 15.9843
-94.9999 16.1861
b
-105.356 20.0443
-103.601 18.655
-101.515 17.6975
-100.046 16.9442
b
-113.15 18.1504
-113.15 18.1504
b
-155.752 20.0443
-155.83 19.9199
b
166.489 19.3661
166.489 19.3661
b
166.888 11.415
166.888 11.415
b
145.361 20.0138
145.293 19.9927
b
145.889 18.1387
145.889 18.1387
b
145.79 15.0174
145.79 15.0174
b
144.952 13.5131
144.952 13.5131
b
119.947 11.8914
120.001 11.6966
b
119.968 12.227
120.012 12.0862
b
120.376 13.4169
120.376 13.4169
b
122.254 18.4227
122.132 16.1063
123.059 13.9777
120.731 13.783
120.057 15.3061
b
119.968 16.2119
120.597 18.4649
122.254 18.4227
b
121.89 14.9963
122 15.0385
b
121.866 13.3206
121.866 13.3206
b
121.988 12.4453
121.988 12.4453
b
122.441 12.4453
122.441 12.4453
b
123.005 13.1141
123.005 13.1141
b
123.655 12.6283
123.655 12.6283
b
123.258 12.5626
123.258 12.5626
b
124.319 12.5204
124.319 12.5204
b
121.932 11.8703
121.932 11.8703
b
122.65 10.664
122.65 10.664
b
122.96 10.8283
123.368 10.2158
b
122.563 9.96466
122.96 10.8283
b
124.406 11.6544
124.406 11.6544
b
124.319 11.4901
124.319 11.4901
b
125.553 10.1618
125.687 10.1618
b
125.654 9.94354
125.553 10.1618
b
123.997 11.2179
123.699 10.021
b
123.368 9.85671
123.997 11.2179
b
123.986 9.95527
124.572 10.021
b
110.883 20.0349
110.064 18.4555
b
119.449 11.3376
119.13 10.0093
b
118.51 9.84497
119.449 11.3376
b
119.879 11.9243
119.947 11.8914
b
120.001 11.6966
119.879 11.9243
b
119.914 12.2927
119.968 12.227
b
120.012 12.0862
119.914 12.2927
b
120.057 15.3061
119.968 16.2119
b
102.989 11.6426
101.001 12.6706
100.029 12.7691
b
104.49 10.4669
102.989 11.6426
b
107.051 17.031
108.684 15.4563
109.248 13.1798
108.276 11.002
106.631 10.0867
b
106.61 9.98813
106.499 10.0093
b
104.997 9.86844
104.49 10.4669
b
106.168 20.0537
106.434 17.6341
107.051 17.031
b
110.064 18.4555
109.933 19.9927
b
104.005 10.4458
104.005 10.4458
b
98.5718 10.1735
98.7173 12.4664
97.9428 14.5879
97.1824 16.7963
95.1501 15.8294
94.4648 18.0659
93.4721 19.8049
b
98.6398 9.96466
98.5718 10.1735
b
100.029 12.7691
99.3228 10.5326
99.1913 10.0093
b
98.5272 11.8046
98.5272 11.8046
b
98.3394 11.7623
98.3394 11.7623
b
98.3746 12.6706
98.3746 12.6706
b
92.93 13.5248
92.93 13.5248
b
86.5724 20.1992
84.4978 18.77
82.564 17.1671
80.7992 15.7214
80.1256 15.4656
b
79.9801 14.8883
80.1022 12.5321
80.0036 12.2716
b
73.578 15.7543
72.8833 17.8852
72.5947 19.9504
b
73.6108 15.7449
73.9417 14.954
b
80.1256 15.4656
79.9801 14.8883
b
80.0036 12.2716
79.1869 10.0961
79.1869 10.0961
b
76.3379 9.74641
75.378 11.882
74.4604 14.02
73.9417 14.954
b
49.9054 11.4971
50.8325 10.1594
b
54.4043 12.5696
54.4043 12.5696
b
57.6899 20.0701
56.3898 17.9955
54.294 17.0146
52.2429 15.9843
50.227 14.8836
50.0486 14.8203
b
39.9948 15.3014
41.9356 13.7994
43.0386 12.8067
b
43.0386 12.8067
43.224 11.4526
b
43.224 11.4526
45.4629 10.6711
47.7229 11.1498
49.9054 11.4971
b
42.6842 16.4091
41.4287 18.2701
40.4571 19.9974
b
43.4681 12.6987
42.8274 14.8836
42.6842 16.4091
b
50.0486 14.8203
47.8449 13.9402
45.5849 13.2502
43.4681 12.6987
b
37.1833 20.1523
38.3966 18.249
38.4505 18.0918
b
38.4505 18.0918
39.3001 15.8763
39.9948 15.3014
b
13.6116 14.4119
14.5809 12.8184
b
13.6116 14.4119
13.1704 13.7126
b
13.1704 13.7126
14.0083 12.4828
b
14.0083 12.4828
14.5692 12.8067
b
-10.0398 29.3871
-9.91772 29.5983
b
-9.91772 29.5983
-9.72998 29.8494
b
-16.1791 28.5539
-16.1791 28.5539
b
-15.6065 28.1456
-15.6065 28.1456
b
-13.8088 28.6901
-13.8088 28.6901
b
-13.3793 29.1852
-13.3793 29.1852
b
-16.2026 19.934
-16.9183 21.0229
b
-16.9183 21.0229
-16.0922 23.1891
-14.724 25.0689
-13.3465 27.1153
-12.9381 27.7349
b
-12.9381 27.7349
-10.8987 28.7581
-10.2369 29.1735
b
-10.2369 29.1735
-10.0398 29.3871
b
-78.0769 26.8196
-78.0769 26.8196
b
-77.1287 26.3456
-77.1287 26.3456
b
-77.3822 25.0384
-77.3822 25.0384
b
-78.1097 25.0783
-78.1097 25.0783
b
-77.7905 24.3132
-77.7905 24.3132
b
-77.8328 24.0105
-77.8328 24.0105
b
-76.2463 25.198
-76.2463 25.198
b
-75.4414 24.3437
-75.4414 24.3437
b
-74.5261 24.163
-74.5144 24.163
b
-75.2982 23.5951
-75.2982 23.5951
b
-74.0966 22.6587
-74.0966 22.6587
b
-72.773 22.3419
-72.773 22.3419
b
-72.2215 21.9711
-72.2215 21.9711
b
-73.0476 21.3961
-73.0476 21.3961
b
-80.0717 22.9333
-78.0111 21.8795
-75.7723 21.1379
-74.9556 20.0068
b
-77.6568 19.8401
-79.2456 21.5698
-79.9285 21.6941
b
-78.0534 22.2902
-78.0534 22.2902
b
-81.4493 30.1075
-80.6443 27.9696
-80.3462 25.5875
-82.1439 26.9581
-82.8714 29.1735
-83.7421 29.9644
b
-84.4157 30.0794
-85.4952 29.9644
b
-89.8627 30.0019
-89.7524 29.9926
b
-89.3886 30.0207
-89.9612 29.4833
b
-82.3105 23.1773
-80.0717 22.9333
-80.0717 22.9333
b
-79.9285 21.6941
-82.1674 22.3207
-84.4485 21.8185
-82.4748 23.1985
-82.3105 23.1773
b
-83.0146 21.9007
-83.0146 21.9007
b
-86.7977 20.6099
-86.7977 20.6099
b
-90.0176 21.3022
-87.7998 21.6214
-87.4924 20.0185
b
-94.9999 29.2416
-96.9759 28.1221
-97.0862 25.895
b
-97.0862 25.895
-97.6166 23.6021
-97.1754 21.3398
-96.4573 20.0021
b
-97.3186 25.2754
-97.3186 25.2754
b
-96.8656 27.9367
-96.8656 27.9367
b
-89.9612 29.4833
-92.2095 29.7626
-94.5141 29.5889
-94.9999 29.3965
b
-90.6348 19.8918
-90.0176 21.3022
b
-110.114 24.2381
-109.991 22.9708
b
-110.036 27.0543
-108.513 25.2144
-106.769 23.7429
-105.422 21.8748
-105.356 20.0443
b
-114.375 30.0278
-112.808 28.4061
-111.627 26.5005
-110.611 24.4517
-110.114 24.2381
b
-109.991 22.9708
-111.693 24.5103
-112.873 26.5591
-114.84 27.6246
-115.579 29.7414
-115.657 29.9714
b
-112.686 30.1521
-111.362 28.3075
-110.036 27.0543
b
-118.229 28.9599
-118.229 28.9599
b
-115.082 27.9766
-115.082 27.9766
b
-112.984 28.9693
-112.984 28.9693
b
-112.366 28.9787
-112.366 28.9787
b
-159.618 22.0908
-159.618 22.0908
b
-158.116 21.3797
-158.116 21.3797
b
-157.243 21.0816
-157.243 21.0816
b
-156.405 20.7906
-156.405 20.7906
b
-155.874 20.0443
-155.752 20.0443
b
-155.83 19.9199
-155.874 20.0443
b
-156.977 20.7507
-156.977 20.7507
b
-177.435 28.162
-177.435 28.162
b
153.95 24.3508
153.938 24.3907
b
145.316 20.0021
145.361 20.0138
b
145.293 19.9927
145.316 20.0021
b
119.914 26.5192
121.437 28.2794
121.568 29.9808
b
121.446 25.2754
121.226 22.9098
121.259 25.1651
121.404 25.2637
b
123.732 24.4212
123.732 24.4212
b
124.108 24.4
124.108 24.4
b
127.795 26.5192
127.795 26.5192
b
128.933 27.7912
128.933 27.7912
b
129.395 28.4155
129.395 28.4155
b
125.312 24.8225
125.312 24.8225
b
109.912 20.387
111.831 21.7622
113.929 22.5531
116.192 22.8981
118.069 24.3296
119.625 25.963
119.914 26.5192
b
110.496 20.0654
110.883 20.0349
b
109.933 19.9927
110.496 20.0654
b
113.951 22.2644
113.951 22.2644
b
107.945 21.4735
109.912 20.387
109.912 20.387
b
107.945 21.4735
106.168 20.0537
106.168 20.0537
b
92.2682 20.8845
90.8671 22.7666
90.1161 21.8443
b
93.4721 19.8049
92.2682 20.8845
b
90.6136 22.6845
90.6136 22.6845
b
88.8911 21.6284
86.7719 20.4902
86.5724 20.1992
b
90.1161 21.8443
88.8911 21.6284
b
72.5947 19.9504
72.7378 22.2128
70.9167 20.7812
70.1328 20.9877
b
69.8254 22.4287
70.0131 22.9403
b
68.0254 23.7734
66.3568 25.4139
65.0003 25.3153
b
70.1328 20.9877
69.8254 22.4287
b
70.0131 22.9403
68.0254 23.7734
b
61.6162 25.1581
60.0156 25.3388
b
65.0003 25.3153
62.7168 25.2684
61.6162 25.1581
b
49.9383 26.8102
51.5388 25.0079
53.6768 24.102
55.5613 25.6368
57.1619 24.041
59.1449 22.9943
58.638 20.7648
57.6899 20.0701
b
50.5555 26.2353
50.5555 26.2353
b
60.0156 25.3388
57.7345 25.6885
55.7279 26.9487
53.4116 26.8384
51.3276 27.9977
50.0721 29.8682
50.0486 29.9832
b
56.1692 26.9276
56.1692 26.9276
b
40.4571 19.9974
40.0839 20.2673
b
48.495 28.3005
49.9383 26.8102
b
48.2627 28.8074
48.495 28.3005
b
48.373 29.955
48.373 29.9245
b
48.0655 30.0794
48.2204 28.8168
b
48.5513 30.0982
48.4739 29.9738
b
49.6637 30.07
49.4877 29.9926
b
32.3652 30.1639
33.2922 28.0564
34.3272 25.8668
35.7165 23.9588
35.5522 23.1891
b
36.8312 22.0016
37.1833 20.1523
b
35.5522 23.1891
36.8312 22.0016
b
34.8904 29.4927
32.6632 29.7532
32.553 29.9926
b
37.9108 24.1724
36.5426 26.0076
35.2542 27.8921
34.8904 29.4927
b
40.0839 20.2673
39.0584 22.2996
37.9108 24.1724
b
0.072752 39.8164
-0.082139 39.0138
b
0.225296 38.6524
-1.57003 37.2842
-3.87462 36.7538
-6.19095 36.7186
-7.23764 37.2208
b
-8.72553 40.0863
-8.62697 37.8005
-7.23764 37.2208
b
-1.94553 35.0969
-0.061018 35.8456
b
-9.72998 29.8494
-9.16674 32.0273
-7.4911 33.5809
-5.98208 35.3222
-3.72208 35.2589
-1.94553 35.0969
b
-16.7752 32.8041
-16.7752 32.8041
b
-16.1908 33.1185
-16.2237 33.1091
b
-28.5727 38.6172
-28.5727 38.6172
b
-28.0423 38.4013
-28.0423 38.4013
b
-27.7232 38.5726
-27.7232 38.5726
b
-27.052 38.7721
-27.052 38.7721
b
-25.0548 37.8357
-25.0548 37.8357
b
-24.9328 36.9744
-24.9328 36.9744
b
-31.0533 39.4409
-31.0533 39.4409
b
-64.6131 32.3652
-64.6131 32.3652
b
-74.0192 40.0018
-74.0403 39.9854
b
-74.0732 40.0018
-75.2982 38.0704
-76.3777 36.0591
-77.8117 34.1511
-79.6751 32.8956
-79.9285 32.682
b
-79.9285 32.682
-81.5267 31.0604
-81.4493 30.1075
b
-83.7421 29.9644
-84.4157 30.0794
b
-85.4952 29.9644
-87.7998 30.2976
-89.8627 30.2976
b
-90.1372 30.1075
-89.8627 30.0019
b
-89.7524 29.9926
-89.3886 30.0207
b
-89.8627 30.2976
-90.1372 30.1075
b
-117.058 32.4497
-118.67 34.0596
-119.895 34.4351
b
-114.861 31.9639
-114.375 30.0278
b
-115.657 29.9714
-116.739 32.0014
-117.058 32.4497
b
-114.861 31.9639
-112.995 30.7248
-112.686 30.1521
b
-120.071 33.9963
-119.928 33.8953
b
-119.785 34.069
-119.785 34.069
b
-118.393 33.426
-118.393 33.426
b
-118.503 33.0176
-118.503 33.0176
b
-119.895 34.4351
-121.54 36.0896
-122.345 38.1783
-123.847 39.8962
-123.913 39.9807
b
-120.116 33.9681
-120.071 33.9963
b
-119.928 33.8953
-120.116 33.9681
b
141.96 40.0229
141.054 37.9342
140.923 35.6836
140.237 35.0077
b
139.984 35.233
140.193 35.6226
b
139.972 39.1616
140.017 39.8446
b
140.237 35.0077
139.984 35.233
b
140.193 35.6226
138.196 34.5712
136.065 33.555
133.978 34.4351
131.758 34.0056
133.46 35.4771
135.734 35.4771
137.234 37.4696
139.508 38.1525
139.972 39.1616
b
140.017 39.8446
139.907 39.9807
b
138.604 38.2722
138.604 38.2722
b
134.277 33.2687
134.277 33.2687
b
135.06 34.5712
135.06 34.5712
b
130.864 33.8766
130.036 33.4166
b
129.916 32.6562
130.864 33.8766
b
130.146 32.4779
130.146 32.4779
b
131.118 30.6309
131.118 30.6309
b
130.545 30.354
130.545 30.354
b
130.897 37.54
130.897 37.54
b
130.036 33.4166
129.916 32.6562
b
128.855 32.7219
128.855 32.7219
b
129.219 32.9543
129.219 32.9543
b
129.749 33.839
129.749 33.839
b
129.285 34.2896
129.285 34.2896
b
129.407 34.6369
129.407 34.6369
b
128.435 38.5069
129.473 36.3384
127.675 34.8998
126.14 36.5965
126.504 37.7676
b
126.328 33.3603
126.328 33.3603
b
128.006 40.0229
128.435 38.5069
b
126.57 37.723
125.246 39.5629
124.394 39.9032
b
121.568 29.9808
120.156 31.8419
120.376 34.1347
120.078 34.3624
b
119.846 35.578
121.845 36.8359
120.024 37.3123
b
119.804 39.8704
120.012 39.9807
b
121.956 40.0464
124.251 39.8023
124.394 39.9032
b
120.078 34.3624
119.846 35.578
b
120.024 37.3123
117.825 38.3168
119.682 39.7929
119.804 39.8704
b
49.9735 37.4649
52.21 36.7045
53.9185 37.5165
b
53.9185 37.5165
53.5337 39.7624
53.8857 39.8633
b
53.0924 40.0839
52.8507 39.9572
b
48.8799 38.5702
49.9735 37.4649
b
49.5088 40.0675
48.8799 38.5702
b
48.373 29.9245
48.0655 30.0794
b
48.5607 30.1169
48.5513 30.0982
b
50.0486 29.9832
49.6637 30.07
b
49.4877 29.9926
48.5936 30.0794
b
29.8611 31.2575
32.1 31.288
32.1117 31.288
b
31.7245 31.5415
32.3652 30.1639
b
35.9371 35.8151
33.7217 36.2164
31.4945 36.8125
30.192 36.2797
b
34.0408 35.4724
34.0408 35.4724
b
35.9911 34.7402
35.9371 35.8151
b
35.4748 33.9704
35.9911 34.7402
b
32.1446 31.2786
34.4375 31.6259
34.5149 31.7503
b
34.5149 31.7503
34.9561 33.0669
b
32.553 29.9926
32.1657 31.2293
b
25.3646 39.922
25.3646 39.922
b
26.5333 39.0795
26.5333 39.0795
b
25.9701 38.2417
25.9701 38.2417
b
28.0987 36.0732
28.0987 36.0732
b
25.0665 35.3738
25.0665 35.3738
b
24.9445 37.6573
24.9445 37.6573
b
25.4303 36.9181
25.4303 36.9181
b
22.0344 38.3097
22.0344 38.3097
b
20.7319 38.068
20.7319 38.068
b
24.569 38.0751
24.569 38.0751
b
20.049 39.394
20.0607 39.455
b
19.9387 39.3869
20.049 39.394
b
23.9424 40.1426
23.9635 39.9643
b
23.5012 40.1004
23.5669 39.9408
b
22.6071 40.152
23.8744 38.2933
21.6261 38.3449
20.1593 39.7014
b
20.0819 39.685
20.0819 39.685
b
19.9387 32.1728
22.1659 32.8346
24.3156 31.9569
25.022 31.6729
b
25.0665 31.5602
27.3594 31.2387
29.6523 31.1448
29.8611 31.2575
b
30.192 36.2797
27.8992 36.7585
26.3456 38.3801
26.2235 39.9056
b
20.0607 39.455
19.9387 39.3869
b
20.0819 39.685
19.9622 39.915
b
15.3319 40.1004
15.4187 39.9995
b
15.6839 40.0253
16.5335 39.915
b
17.9979 40.1262
18.3288 39.915
b
15.6182 38.3191
13.5999 37.2889
15.6182 38.3191
15.6182 38.3191
b
14.372 35.9488
14.372 35.9488
b
9.87313 37.3311
11.0747 35.3997
10.082 34.0925
b
9.92946 33.7944
11.3164 33.1584
b
10.7767 33.8789
10.7767 33.8789
b
11.3164 33.1584
13.7219 32.7782
15.6839 31.3631
17.9439 30.8046
19.8284 32.0695
19.9387 32.1728
b
0.403656 40.1802
0.072752 39.8164
b
-0.082139 39.0138
0.225296 38.6524
b
1.5935 39.1077
1.5935 39.1077
b
3.29026 39.9596
3.29026 39.9596
b
4.32756 40.0276
4.08584 39.9103
b
9.67365 40.1426
8.49554 39.9736
b
-0.061018 35.8456
2.24357 36.62
4.54817 36.9392
5.00111 36.8993
b
5.00111 36.8993
7.32682 37.1129
8.71615 36.9791
b
8.71615 36.9791
9.87313 37.3311
b
10.082 34.0925
9.92946 33.7944
b
-5.50802 50.0439
-5.50802 49.9946
b
-5.09967 50.0298
-5.04335 49.9876
b
-8.6387 41.8229
-8.72553 40.0863
b
-1.69207 43.3766
-4.15155 43.4165
-6.41155 43.5526
-8.82645 43.2639
-8.6387 41.8229
b
-1.7038 43.3672
-0.87537 45.5216
-2.34214 47.2887
-4.53643 48.0327
-2.2999 48.6053
-0.105608 49.2929
-0.105608 49.2929
b
-60.0719 45.8595
-59.9499 46.2655
b
-56.2888 47.1385
-56.2888 47.1385
b
-57.6359 50.0369
-58.9807 48.1125
-56.73 47.5797
-54.4935 47.446
-55.4745 49.4807
-56.08 49.9876
b
-56.1692 50.1284
-56.7207 49.9148
b
-66.7323 50.0721
-68.6707 48.9174
-69.8958 47.7863
b
-70.1164 47.446
-68.1192 48.6781
-65.7607 49.2718
-65.066 47.1291
-63.2355 45.8384
-61.0318 45.3808
-63.2144 44.7096
-65.2326 43.7051
-63.5124 45.3432
-65.8264 45.2728
-67.028 45.1954
b
-63.9747 49.9594
-61.8039 49.2929
-64.0639 49.7529
-63.9747 49.9594
b
-63.9536 46.9883
-63.9536 46.9883
b
-60.546 46.9954
-60.0719 45.8595
b
-59.9499 46.2655
-60.546 46.9954
b
-67.028 45.1954
-69.0251 44.1416
-69.9075 43.8717
b
-70.0272 41.7643
-69.9826 41.6915
b
-69.8958 47.7863
-70.1164 47.446
b
-69.9075 43.8717
-70.0272 41.7643
b
-69.9826 41.6915
-72.2215 41.3348
-74.0192 40.0018
-74.0192 40.0018
b
-74.0403 39.9854
-74.0732 40.0018
b
-75.6948 44.5523
-78.1308 43.9844
-75.8708 44.3552
-75.6948 44.5523
b
-78.8818 42.8673
-79.7079 42.8767
b
-80.1609 42.175
-78.8818 42.8673
b
-80.0388 44.8738
-79.9285 44.9771
b
-72.2004 41.194
-72.2004 41.194
b
-82.1322 45.8924
-82.1322 45.8924
b
-79.7079 42.8767
-82.0571 42.2665
-80.1609 42.175
b
-82.5734 42.6256
-82.5734 42.6256
b
-82.4631 43.0621
-81.5502 45.1249
-80.0388 44.8738
b
-79.9285 44.9771
-82.0993 46.0825
-84.2936 46.5706
-86.4433 45.714
-87.7012 43.8483
-87.206 41.6587
-86.5114 43.7919
-85.1103 45.545
-83.7867 43.6488
-82.4631 43.0621
b
-84.526 46.4885
-86.1476 48.3119
-88.4499 48.4645
-89.9284 47.8754
b
-90.0715 46.6621
-87.8655 47.4741
-85.7604 46.6621
-84.526 46.4885
b
-89.9284 47.8754
-91.9795 46.7982
-90.0715 46.6621
b
-113.082 41.7455
-113.082 41.7455
b
-125.305 50.0416
-123.528 48.6687
-125.725 49.0887
-127.159 49.9712
b
-122.786 49.0442
-123.904 49.9571
b
-123.981 50.0275
-124.654 49.9641
b
-123.913 39.9807
-124.312 42.3017
-123.99 44.55
-124.002 46.7959
-122.357 48.3166
-122.798 49.0442
b
154.832 49.6426
154.832 49.6426
b
154.225 48.8987
154.225 48.8987
b
152.293 47.1409
152.293 47.1409
b
150.571 46.1716
150.052 45.7562
b
149.843 45.8572
150.571 46.1716
b
140.702 50.0322
140.017 48.3002
b
144.068 50.0111
142.699 48.1031
142.267 49.9759
b
150.052 45.7562
149.843 45.8572
b
148.958 45.3925
148.958 45.3925
b
146.938 43.8436
146.938 43.8436
b
146.21 44.4467
146.21 44.4467
b
145.084 44.0665
143.516 42.2853
141.254 42.3674
140.029 42.121
b
139.928 42.5223
141.728 44.0431
144.145 44.083
145.084 44.0665
b
141.242 45.2306
141.242 45.2306
b
141.209 41.3724
141.96 40.0229
b
139.907 39.9807
141.209 41.3724
b
132.73 44.8386
132.73 44.8386
b
140.017 48.3002
138.461 46.6433
136.804 45.0358
135.093 43.4047
132.929 42.7406
130.622 42.5622
130.622 42.5622
b
140.029 42.121
139.928 42.5223
b
130.7 42.3745
130.104 41.9567
b
130.104 41.9567
128.656 40.1731
128.006 40.0229
b
120.012 39.9807
122.188 40.5791
121.956 40.0464
b
74.9039 46.8334
77.2555 46.5988
74.979 46.4298
74.9039 46.8334
b
59.9734 43.5972
61.7358 45.0287
60.194 46.2021
b
53.8857 39.8633
53.0924 40.0839
b
52.8507 39.9572
54.7564 41.14
52.5409 41.6141
51.2619 43.7168
52.8179 45.3315
51.5482 47.2019
50.3373 46.871
b
49.95 40.6988
50.1378 40.4712
b
59.9734 43.5972
59.9734 43.5972
b
60.194 46.2021
58.2203 45.0358
59.9734 43.5972
59.9734 43.5972
b
41.5061 41.6469
40.1497 43.3977
b
39.9948 41.025
41.5061 41.6469
b
50.3373 46.871
48.2955 45.9346
47.392 43.7567
48.7367 41.7197
49.95 40.6988
b
50.1378 40.4712
49.5088 40.0675
b
40.1497 43.3977
38.0328 44.5195
38.2863 46.7654
35.9911 46.6598
33.7874 46.2561
35.9371 45.4793
33.9305 44.4467
32.4309 46.1177
30.1826 46.4016
30.1052 45.8642
b
29.9292 41.1729
32.2314 41.6305
34.4938 42.0177
36.6763 41.316
39.0912 41.1001
39.9948 41.025
b
29.6405 45.3854
28.6596 43.7896
b
28.6596 43.7896
28.0329 41.9356
b
28.0329 41.9356
26.4887 40.3116
26.0593 40.7317
b
26.355 41.8112
26.0593 40.7317
b
24.7122 40.6143
24.7122 40.6143
b
26.0593 40.7317
23.6655 40.6214
23.9424 40.1426
b
23.9635 39.9643
23.5012 40.1004
b
23.5669 39.9408
22.6071 40.152
b
30.1052 45.8642
29.6405 45.3854
b
26.4113 40.0675
28.8802 40.4454
29.9292 41.1729
b
26.2235 39.9056
26.4113 40.0675
b
19.9622 39.915
19.3098 41.8934
b
19.3098 41.8934
17.3032 42.987
15.177 44.1862
13.6328 45.5568
b
14.5034 45.2376
14.5034 45.2376
b
14.2828 45.1601
14.2828 45.1601
b
16.3903 43.4141
16.3903 43.4141
b
16.6438 42.9776
16.6438 42.9776
b
9.8614 44.083
11.4385 42.4589
13.4568 41.2996
15.3319 40.1004
b
15.4187 39.9995
15.6839 40.0253
b
16.5335 39.915
17.9979 40.1262
b
18.3288 39.915
16.4889 41.2996
14.3274 42.419
12.6401 44.029
13.6891 45.7257
b
5.13253 43.3836
3.22455 42.3956
b
3.22455 42.3956
1.14056 40.9945
0.403656 40.1802
b
4.30644 40.0276
4.32756 40.0276
b
4.08584 39.9103
4.30644 40.0276
b
-0.105608 49.2929
1.23913 49.943
b
7.54742 43.8365
5.32027 43.3484
5.13253 43.3836
b
7.54742 43.8365
9.8614 44.083
9.8614 44.083
b
9.13388 41.316
9.67365 40.1426
b
8.49554 39.9736
9.13388 41.316
b
9.34275 43.0339
9.34275 43.0339
b
-1.27433 60.0039
-1.16403 59.9828
b
-6.14636 58.4456
-6.14636 58.4456
b
-7.02877 57.6125
-7.02877 57.6125
b
-2.62845 58.9455
-2.62845 58.9455
b
-3.10252 58.8305
-3.10252 58.8305
b
-5.25456 58.2156
-5.52914 55.9509
-3.55545 54.8737
-4.58102 52.8226
-2.58621 51.6679
-4.65847 50.6212
-5.50802 50.0439
b
-5.50802 49.9946
-5.09967 50.0298
b
-5.04335 49.9876
-2.77161 50.7128
-2.39847 50.5227
b
-2.39847 50.5227
-0.037549 50.8019
-0.037549 50.8019
b
0.004694 53.5571
-0.061018 53.6557
b
0.093873 53.8364
-1.49493 55.5285
-2.375 57.6477
-4.4496 58.5512
-5.25456 58.2156
b
-1.09597 50.6987
-1.09597 50.6987
b
-4.09523 53.2215
-4.43786 53.3788
b
-4.30644 54.3738
-4.30644 54.3738
b
-5.2311 55.6575
-5.2311 55.6575
b
-6.08065 55.8641
-6.08065 55.8641
b
-5.65118 56.0729
-5.65118 56.0729
b
-6.24493 56.2888
-6.24493 56.2888
b
-6.24493 57.6711
-6.24493 57.6711
b
-7.44651 54.9418
-9.69712 54.2189
-9.98344 52.2124
b
-10.0398 52.0833
-9.77457 52.0481
b
-10.0046 51.7501
-7.72343 51.919
-6.01494 53.4116
-6.08065 53.9866
b
-6.08065 53.9866
-7.44651 54.9418
b
-9.98344 52.2124
-10.0398 52.0833
b
-9.77457 52.0481
-10.0046 51.7501
b
-43.9633 59.9476
-43.9633 59.9476
b
-43.9187 60.0203
-43.5127 59.971
b
-60.0062 55.2844
-57.8331 54.7517
-59.8396 53.8951
b
-60.1048 53.3342
-57.8237 54.0711
-55.6834 53.2614
-55.7397 52.6419
b
-55.7397 52.6419
-57.8002 51.398
-59.8185 50.3255
-59.9828 50.2622
b
-56.202 51.5083
-57.6359 50.0369
b
-56.08 49.9876
-56.1692 50.1284
b
-56.7207 49.9148
-56.202 51.5083
b
-70.0835 59.9264
-69.8395 59.0088
b
-70.0061 58.9689
-69.9169 58.814
b
-70.0061 58.7342
-67.7672 58.3658
-65.6058 59.1661
-65.3312 59.9875
b
-64.3713 60.0367
-62.7168 58.5043
-61.825 56.3921
-60.0062 55.2844
b
-59.8396 53.8951
-60.1048 53.3342
b
-59.9828 50.2622
-62.454 50.2974
-64.7022 50.3115
-66.7323 50.0721
b
-80.0388 51.1845
-77.922 52.2241
-79.1893 54.1556
-79.6422 54.5287
b
-79.6422 54.5287
-77.3916 55.5097
-77.2602 57.7767
-77.746 59.9828
-77.746 59.9828
b
-70.9096 60.032
-70.0835 59.9264
b
-69.8395 59.0088
-70.0061 58.9689
b
-69.9169 58.814
-70.0061 58.7342
b
-90.0269 56.9319
-87.889 56.2325
-85.7275 55.559
-83.4112 55.2328
-82.2214 53.2732
-80.6232 51.6538
-80.0388 51.1845
b
-82.0219 53.1089
-82.0219 53.1089
b
-98.0038 54.3152
-97.0322 52.2499
-99.1608 53.1675
-97.9592 54.348
b
-94.7347 60.0931
-93.1036 58.4174
-91.1745 57.2675
-90.0269 56.9319
b
-110.137 59.267
-107.828 59.4477
-109.982 58.9502
b
-111.195 58.7178
-110.137 59.267
b
-109.982 58.9502
-111.195 58.7178
b
-130.052 53.5102
-129.975 53.2732
b
-129.82 53.6604
-129.975 53.6346
b
-130.019 53.8294
-129.82 53.6604
b
-129.236 52.8672
-129.236 52.8672
b
-127.513 50.4218
-125.305 50.0416
-125.305 50.0416
b
-127.159 49.9712
-127.513 50.4218
b
-123.904 49.9571
-123.981 50.0275
b
-124.654 49.9641
-126.685 50.9404
-128.285 52.5597
-129.942 53.881
b
-130.008 54.1415
-129.942 54.2307
b
-130.118 55.0614
-132.293 55.7373
-133.53 57.6054
-135.351 59.1426
-137.569 58.5723
-139.634 59.4477
-139.435 59.9546
b
-139.712 60.0579
-139.956 59.8725
b
-134.943 57.2839
-134.943 57.2839
b
-134.633 57.6171
-134.633 57.6171
b
-134.204 56.6479
-134.204 56.6479
b
-133.795 56.9248
-133.795 56.9248
b
-132.857 56.8051
-132.857 56.8051
b
-132.768 56.4343
-132.768 56.4343
b
-132.106 56.3358
-132.106 56.3358
b
-135.131 58.0818
-135.131 58.0818
b
-132.812 56.0354
-132.812 56.0354
b
-131.42 55.3126
-131.42 55.3126
b
-133.054 55.0356
-133.054 55.0356
b
-131.632 55.3126
-131.632 55.3126
b
-132.061 54.05
-132.061 54.05
b
-132.15 52.7404
-132.15 52.7404
b
-130.66 53.9796
-130.66 53.9796
b
-130.538 53.6604
-130.052 53.5102
b
-129.975 53.2732
-130.538 53.6604
b
-129.975 53.6346
-130.019 53.8294
b
-129.942 53.881
-130.008 54.1415
b
-129.942 54.2307
-130.118 55.0614
b
-139.956 59.8725
-141.402 59.9921
b
-141.643 60.0086
-142.084 59.9875
b
-147.485 60.0039
-147.837 59.9757
b
-148.742 60.0156
-149.195 59.9757
b
-149.395 60.0086
-149.472 59.9875
b
-149.547 60.0156
-149.935 59.6988
b
-158.569 56.3663
-158.569 56.3663
b
-154.771 56.5564
-154.771 56.5564
b
-154.241 56.5446
-154.241 56.5446
b
-153.192 57.129
-153.192 57.129
b
-154.837 57.3731
-152.608 57.9222
-154.771 57.3074
-154.837 57.3731
b
-153.478 58.11
-153.478 58.11
b
-152.793 58.2907
-152.793 58.2907
b
-152.683 58.6474
-152.683 58.6474
b
-160.003 56.5376
-157.916 57.5702
-159.728 58.922
-159.925 58.8704
b
-149.935 59.6988
-151.8 59.9476
b
-152.772 60.0203
-154.328 58.347
-156.503 57.4153
-158.623 56.4109
-159.993 55.8242
b
-169.331 52.8014
-169.331 52.8014
b
-167.841 53.3177
-167.841 53.3177
b
-166.13 54.2776
-166.13 54.2776
b
-165.048 54.6484
-165.048 54.6484
b
-162.896 54.5006
-162.896 54.5006
b
-160.732 55.3689
-160.732 55.3689
b
-160.854 58.8469
-160.854 58.8469
b
-165.689 60.0039
-167.212 59.9992
b
-163.436 55.1882
-161.296 56.0729
-160.003 56.5376
b
-159.925 58.8704
-162.199 58.6544
-162.19 59.9828
b
-162.575 60.0813
-164.067 59.9757
b
-159.993 55.8242
-162.157 55.1506
-163.436 55.1882
b
-169.873 56.6479
-169.873 56.6479
b
-178.43 51.9167
-178.43 51.9167
b
-177.822 51.6867
-177.822 51.6867
b
-177.038 51.8087
-177.038 51.8087
b
-174.454 52.3861
-174.454 52.3861
b
-174.156 52.1561
-174.156 52.1561
b
-172.699 52.4189
-172.699 52.4189
b
-170.547 57.2018
-170.547 57.2018
b
172.298 52.9282
172.298 52.9282
b
177.442 52.142
177.442 52.142
b
178.512 51.6656
178.512 51.6656
b
179.418 52.0411
179.418 52.0411
b
170.376 60.0485
170.089 59.971
b
164.999 59.8044
164.736 59.9429
b
164.558 60.0367
162.528 58.699
163.211 56.4954
161.932 54.6038
160.099 54.1462
b
159.998 53.1535
160.01 53.1464
b
159.998 59.1942
161.368 59.9546
b
164.37 59.1708
164.37 59.1708
b
166.48 60.0086
166.158 59.9546
b
165.088 60.0696
165.011 59.8607
b
165.982 55.3196
165.982 55.3196
b
167.308 54.8714
167.308 54.8714
b
160.099 54.1462
159.998 53.1535
b
160.01 53.1464
158.078 51.7336
156.168 53.0596
155.605 55.4322
156.907 57.2651
158.939 58.3869
159.998 59.1942
b
154.666 60.086
152.669 58.9384
150.505 59.5861
150.174 59.6213
b
156.543 50.8278
156.543 50.8278
b
156.09 50.7175
156.09 50.7104
b
150.174 59.6213
147.844 59.3303
145.548 59.3914
143.173 59.3303
140.866 58.2719
140.181 57.711
b
139.862 54.1462
140.05 53.2591
b
139.939 53.1863
140.667 51.0014
140.702 50.0322
b
142.645 54.341
143.218 52.0739
144.068 50.0111
b
142.267 49.9759
141.695 52.318
142.645 54.341
b
140.181 57.711
138.151 56.5564
136.119 55.275
137.576 53.5477
139.763 54.2565
139.862 54.1462
b
140.05 53.2591
139.939 53.1863
b
137.356 54.8338
137.356 54.8338
b
109.59 55.688
108.586 53.4492
106.478 52.2499
104.401 51.4027
106.41 52.6325
108.243 54.057
109.59 55.688
b
29.9386 59.9241
30.2155 59.964
b
31.4499 60.0837
30.9876 59.9405
b
23.5787 60.0062
23.3463 59.9804
b
23.3135 60.0907
23.0694 59.9898
b
19.9176 54.9347
21.0746 56.8568
23.3135 57.1102
23.8978 59.3397
26.2892 59.5861
28.5492 59.8466
29.0022 59.9476
b
29.2556 60.0062
29.9386 59.9241
b
22.938 58.6404
22.938 58.6404
b
22.2996 58.9783
22.2996 58.9783
b
27.458 59.0229
27.458 59.0229
b
11.1076 59.1238
10.0046 59.0159
b
18.6268 60.0555
16.3903 59.5908
16.3129 57.2417
14.3157 56.0776
12.1777 56.953
11.0301 58.8868
11.1076 59.1074
b
13.8088 58.8516
13.7877 58.8399
b
16.2448 56.2795
16.2448 56.2795
b
18.0213 56.9647
18.0213 56.9647
b
14.9775 55.0215
14.9775 55.0215
b
9.8614 57.5608
10.1266 55.904
b
9.99517 54.3856
10.6992 53.9772
b
10.6992 53.9772
12.971 54.3269
14.2171 53.888
b
13.5107 54.4677
13.5013 54.4747
b
14.2171 53.888
16.5335 54.5968
18.7606 54.3128
19.5538 54.4865
b
19.5538 54.4865
19.9176 54.9347
b
-0.037549 50.8019
1.79063 52.3462
0.004694 53.5571
b
-0.061018 53.6557
0.093873 53.8364
b
5.01049 53.2145
5.01049 53.2145
b
3.53433 51.3511
5.00111 52.9469
b
4.06237 51.7618
4.06237 51.7618
b
3.83238 51.6937
3.83238 51.6937
b
3.66576 51.5365
3.66576 51.5365
b
2.80681 51.0953
3.53433 51.3511
b
1.23913 49.943
2.80681 51.0953
b
10.0046 59.0159
7.87833 58.1616
5.46343 58.6967
5.94923 59.9898
b
5.79434 60.0837
5.40711 59.9569
b
5.43996 59.741
5.39772 59.7528
b
5.26395 59.159
5.19824 59.1637
b
8.65982 54.9089
8.8593 57.1525
9.8614 57.5608
b
10.1266 55.904
9.46479 54.8948
b
8.65982 54.9089
7.08275 53.2567
7.08275 53.2567
b
9.46479 54.8948
9.99517 54.3856
b
5.00111 52.9469
7.08275 53.2567
b
-7.08275 62.0644
-7.08275 62.0644
b
-6.77531 61.9611
-6.77531 61.9611
b
-6.66501 62.055
-6.66501 62.055
b
-6.45614 62.2662
-6.45614 62.2662
b
-6.60869 61.757
-6.60869 61.757
b
-6.89735 61.6162
-6.89735 61.6162
b
-1.23913 60.6375
-1.27433 60.0039
b
-1.16403 59.9828
-1.23913 60.6375
b
-19.9856 63.5453
-19.9856 63.5453
b
-20.0725 66.0587
-17.8007 66.1033
-15.5055 66.1784
-16.3457 63.9536
-18.6362 63.3763
-19.9833 63.5453
b
-22.1893 70.0507
-24.3954 69.5532
-26.47 68.6942
-28.7088 68.3844
-29.9292 68.4009
b
-19.9856 63.5453
-22.3888 63.8527
-23.9893 65.4884
-21.8068 66.1338
-20.0748 66.0587
b
-29.9315 68.4009
-32.1845 68.3938
-34.015 66.9317
-36.0427 65.9109
-38.3614 65.9461
-39.8821 65.5213
b
-40.0886 65.4579
-39.9009 65.2373
b
-39.8798 65.5213
-40.0863 65.4579
b
-39.9009 65.2373
-41.1588 63.3763
-41.6657 63.0008
b
-41.6657 63.0008
-42.7288 60.9825
-44.8011 60.1259
-46.9085 60.959
-49.1779 61.527
-49.8961 62.4751
b
-43.1489 60.0649
-43.9187 60.0203
b
-43.5127 59.971
-43.1489 60.0649
b
-50.6869 63.0008
-51.9355 64.8712
-53.5876 66.4436
-52.0012 68.0582
-50.3349 69.809
-50.4335 69.9075
b
-50.3889 70.0061
-50.9615 69.9897
b
-53.191 70.1774
-54.524 69.9709
b
-49.9289 62.4751
-50.6846 63.0008
b
-68.8069 70.0319
-68.7083 69.931
b
-67.4504 70.0319
-66.047 68.1005
-63.9207 67.3964
-61.7053 66.8097
-63.381 65.2819
-65.5729 65.9414
-67.9151 66.453
-66.2676 64.9252
-64.4934 63.4655
-64.606 63.0243
b
-67.6616 63.0102
-66.7229 63.0407
b
-70.1258 60.8746
-69.9826 60.0039
b
-65.3312 59.9875
-64.3713 60.0367
b
-68.2202 60.485
-68.2202 60.485
b
-65.0777 61.7053
-65.0777 61.7053
b
-64.606 63.0243
-66.7229 63.0407
b
-67.5349 63.0008
-69.7972 62.7426
-69.9474 62.9304
b
-76.3848 68.2929
-76.3848 68.2929
b
-74.8077 67.9925
-74.8077 67.9925
b
-78.5791 69.2082
-78.5791 69.2082
b
-80.067 69.7221
-79.8886 69.5766
b
-78.5016 63.3974
-78.5016 63.3974
b
-77.4549 63.6955
-77.4549 63.6955
b
-71.2781 63.0008
-73.1743 64.2704
-75.4789 64.5966
-77.7741 64.3948
-75.723 65.3242
-73.6484 66.5093
-74.2914 68.7106
-76.6711 68.652
-77.7084 69.9427
b
-78.8865 70.1117
-79.9238 69.9005
b
-77.746 59.9828
-78.0393 62.2146
-75.7723 62.4493
-73.9136 60.9966
-73.0851 60.8746
b
-69.9826 60.0039
-70.9096 60.032
b
-80.0834 61.6701
-79.8628 62.3624
b
-69.9498 62.9304
-71.2781 63.0008
b
-71.0317 62.7849
-71.0317 62.7849
b
-74.052 62.6934
-74.052 62.6934
b
-90.0152 68.6355
-87.9969 67.6264
-85.8238 68.3375
-84.0918 69.755
-81.745 69.2246
-82.0078 66.9223
-84.2373 66.338
-86.4996 66.575
-88.5508 65.6339
-89.7852 65.8733
b
-90.1795 65.8193
-87.9218 65.2819
-89.9073 64.1413
-89.9073 63.9442
b
-90.0692 63.8902
-89.9706 63.8316
b
-86.6522 68.26
-86.6522 68.26
b
-85.8144 65.7888
-83.5192 65.1434
-81.4164 64.0733
-83.6506 63.9395
-85.9693 63.7095
-85.8144 65.7888
b
-83.8947 65.9648
-83.8947 65.9648
b
-80.2547 69.7855
-80.067 69.7221
b
-79.891 69.5766
-80.2571 69.7855
b
-79.9238 69.9005
-80.1679 69.9685
b
-80.2758 70.0014
-80.5199 69.9685
b
-81.7778 70.0272
-84.3593 69.9568
-84.8569 69.9803
b
-85.6266 70.0272
-85.5844 69.9709
b
-82.5405 62.9304
-82.5405 62.9304
b
-80.0505 62.3578
-80.0834 61.6701
b
-79.8628 62.3624
-80.0505 62.3578
b
-96.936 69.5344
-99.1749 69.1307
-96.8891 68.5346
-96.936 69.5344
b
-100.027 67.8611
-97.68 67.6686
-95.3613 67.2415
-93.5777 68.6121
-95.657 69.7456
-96.3939 69.9521
b
-92.1555 70.0507
-90.5033 68.4173
-90.0152 68.6355
b
-89.7829 65.8733
-90.1771 65.8193
b
-89.9049 63.9442
-90.0692 63.8902
b
-89.9706 63.8316
-92.3738 63.8128
-90.6324 63.0008
b
-90.6324 63.0008
-92.707 62.1325
-94.5117 60.7783
-94.7323 60.0931
b
-100.862 70.0131
-103.092 69.5837
-105.251 68.9547
-107.499 68.9899
-109.916 68.6262
-109.916 68.6262
b
-110.029 67.9972
-109.977 67.9761
b
-110.029 67.9244
-107.907 67.1641
-105.95 68.5557
-108.184 68.2061
-106.035 68.9219
-103.913 68.0488
-101.566 67.7132
-100.027 67.8611
b
-110.024 62.8905
-109.916 62.7286
b
-110.146 62.5525
-109.884 62.461
b
-120.017 69.356
-117.745 68.9735
-117.018 68.9312
b
-119.963 66.9904
-119.963 66.9904
b
-120.062 65.1176
-117.889 65.648
-119.996 66.3544
b
-120.073 66.5961
-119.966 66.9904
b
-114.889 69.2856
-117.161 69.7761
-117.368 69.9521
b
-109.916 68.6262
-112.352 68.5229
-114.507 69.2973
-114.892 69.2856
b
-117.016 68.9312
-114.697 68.7599
-112.402 67.7344
-110.111 68.0606
-110.027 67.9972
b
-109.975 67.9761
-110.027 67.9244
b
-115.788 62.9961
-113.624 62.1677
-111.418 62.7497
-110.024 62.8905
b
-109.914 62.7286
-110.144 62.5525
b
-109.881 62.461
-112.087 61.7429
-114.328 61.0506
-116.614 61.0083
-114.556 61.9823
-115.8 62.9961
b
-113.061 61.8415
-113.061 61.8415
b
-116.441 61.2219
-116.441 61.2219
b
-111.261 62.6628
-111.261 62.6628
b
-129.613 70.0202
-129.998 69.8958
b
-130.165 69.7033
-128.424 69.9498
b
-127.163 70.0366
-124.924 69.9216
-124.859 69.9897
b
-124.915 70.0014
-125.187 69.9427
b
-124.76 70.0272
-124.704 69.9615
b
-124.429 70.0014
-122.115 69.7902
-120.017 69.356
b
-119.963 66.9904
-122.202 66.4835
-124.474 66.2676
-122.202 66.1784
-120.193 65.0942
-120.062 65.1176
b
-119.996 66.3544
-120.071 66.5961
b
-140.033 69.6564
-137.771 69.0368
-135.401 68.659
-133.176 69.4194
-131.021 69.9709
b
-129.998 69.8958
-132.19 69.403
-130.163 69.7033
b
-135.06 69.3842
-135.06 69.3842
b
-135.955 69.2668
-135.955 69.2668
b
-139.435 59.9546
-139.712 60.0579
b
-145.328 70.0084
-144.952 69.9826
b
-144.919 70.0249
-144.61 69.9826
b
-142.561 70.0061
-141.007 69.7221
b
-141.005 69.7221
-140.033 69.6564
b
-141.402 59.9921
-141.643 60.0086
b
-142.084 59.9875
-144.403 60.201
-145.1 60.492
b
-147.815 60.0156
-147.485 60.0039
b
-147.837 59.9757
-147.815 60.0156
b
-146.811 60.3864
-146.811 60.3864
b
-145.154 60.492
-147.384 60.9825
-148.742 60.0156
b
-149.195 59.9757
-149.395 60.0086
b
-149.472 59.9875
-149.547 60.0156
b
-150.045 60.9379
-149.979 61.0459
b
-150.033 61.2266
-149.78 61.4495
b
-160.073 66.4553
-159.876 66.5562
b
-160.106 66.575
-159.876 66.6924
b
-151.8 59.9476
-150.045 60.9379
b
-149.979 61.0459
-150.033 61.2266
b
-149.857 61.4495
-152.005 60.7337
-152.755 60.0203
b
-164.551 63.0501
-164.33 63.0055
b
-163.757 63.0008
-161.364 63.4561
-163.391 64.6225
-165.865 64.5403
-168.024 65.58
-165.832 66.1244
-163.438 66.0892
-161.143 66.223
-160.073 66.4553
b
-159.873 66.5562
-160.103 66.575
b
-159.873 66.6924
-162.122 67.0303
-164.375 67.6992
-166.614 68.3258
-166.271 68.8773
b
-166.271 68.8773
-164.018 68.9923
-162.53 69.9709
b
-162.291 70.0178
-161.901 69.9568
b
-162.467 66.9317
-162.467 66.9317
b
-169.833 63.036
-169.885 63.1158
b
-170.075 63.4913
-169.714 63.0454
b
-167.566 60.262
-165.689 60.0039
b
-167.212 59.9992
-167.566 60.262
b
-165.379 60.6704
-165.379 60.6704
b
-164.33 63.0055
-164.551 63.0501
b
-162.19 59.9828
-162.575 60.0813
b
-164.067 59.9757
-165.87 61.4002
-164.76 63.0008
b
-170.099 66.1596
-169.958 66.0493
b
-169.887 63.1158
-170.075 63.4913
b
-172.931 60.546
-172.931 60.546
b
179.944 68.9219
180 68.9078
b
-180 68.9078
-177.752 68.2952
-175.579 67.4645
-173.274 67.0373
-171.049 66.5398
-170.101 66.1596
b
-169.955 66.0493
-172.157 65.4204
-174.245 64.5732
-174.705 64.9346
b
-174.675 64.9674
-176.848 65.6034
-179.143 66.2629
-179.969 65.0848
b
169.885 68.7552
170.415 69.931
b
171.331 70.0178
173.678 69.8817
176.071 69.8559
178.301 69.3983
179.944 68.9219
b
-179.969 65.0848
-180 65.0739
b
180 65.0739
177.726 64.7257
175.576 64.0498
177.89 64.2704
178.993 63.0289
b
178.995 63.0289
176.822 62.5009
174.569 61.8415
172.427 61.1961
170.418 60.1799
170.373 60.0485
b
170.089 59.971
170.068 60.0203
b
159.988 69.7785
162.284 69.6681
164.569 69.5555
165.02 69.5602
b
164.999 69.5696
167.28 69.6306
169.453 68.8538
169.885 68.7552
b
168.099 69.9944
168.099 69.9944
b
168.475 70.0202
168.099 69.9944
b
164.736 59.9429
164.558 60.0367
b
161.368 59.9546
163.532 60.7995
164.382 62.4141
b
164.889 62.407
162.772 61.642
160.573 60.7126
160.221 60.9919
b
159.988 61.067
160.021 61.1351
b
159.911 61.3158
160.028 61.7945
b
170.068 60.0203
167.893 60.539
166.48 60.0086
b
166.158 59.9546
165.088 60.0696
b
159.923 70.0953
159.988 69.7785
b
160.221 60.9919
159.988 61.067
b
160.021 61.1351
159.911 61.3158
b
160.033 61.7945
157.611 61.7828
155.614 60.5882
154.663 60.086
b
70.3206 66.6407
70.3206 66.6407
b
72.5266 70.0061
73.1227 67.8235
71.095 66.8355
70.1891 66.7534
b
69.7808 66.6971
72.0431 66.223
74.052 67.4058
75.8169 68.8937
77.6474 67.5865
76.0468 69.2058
73.7516 69.1941
73.6437 69.9427
b
60.0203 70.0507
60.0625 69.6752
b
59.8889 68.6919
61.9259 69.7292
64.3526 69.4405
66.5492 68.8773
68.8444 68.6402
66.859 69.7644
66.859 69.8887
b
66.913 70.0366
67.2134 69.9756
b
70.1891 66.7534
69.7808 66.6971
b
49.8421 68.0089
52.1373 68.5065
54.3856 68.9617
54.517 68.9735
b
49.8961 69.2598
50.1589 69.0908
b
58.807 69.9639
58.7648 69.9685
b
60.0649 69.6752
58.807 69.9639
b
54.517 68.9735
56.7465 68.6027
59.0839 68.9852
59.8912 68.6919
b
39.915 68.0793
40.0933 66.2746
b
39.9502 64.6084
40.0347 65.2139
b
39.861 65.6175
42.1093 66.3685
44.4467 66.5656
43.3108 68.6003
45.7469 68.4619
47.3145 66.8496
49.4079 67.9198
49.8397 68.0089
b
48.6616 69.4452
49.8961 69.2598
b
50.1613 69.0908
48.664 69.4452
b
29.9785 69.7033
30.8937 69.755
b
30.8937 69.755
33.2453 69.3959
35.6813 69.173
38 68.5417
39.915 68.0793
b
40.0933 66.2746
37.831 66.108
35.6062 66.4037
33.2124 66.8308
34.7097 65.0519
36.9063 63.9043
39.0138 64.7304
39.9525 64.6084
b
40.037 65.2139
39.8633 65.6175
b
30.2155 59.964
30.0489 60.0133
b
30.9313 61.6819
31.4499 60.0837
b
30.9876 59.9405
30.5112 61.7358
b
19.988 69.8066
21.321 69.8887
b
21.2553 70.0131
21.9734 69.9897
b
22.9872 70.0483
23.2266 69.9568
b
29.1735 70.0014
29.9761 69.7033
b
19.866 63.6509
21.5416 65.1434
23.8039 65.824
24.0246 65.9367
b
24.0246 65.9367
23.1281 63.8175
21.6496 63.0407
b
27.6246 60.5859
25.3857 60.3465
23.5787 60.0062
b
23.3463 59.9804
23.3135 60.0907
b
23.0694 59.9898
21.3632 61.473
21.5017 63.0407
b
19.9833 60.025
20.049 60.0907
b
19.9833 60.2221
20.0162 60.3465
b
21.7692 60.2104
21.8021 60.1564
b
22.5531 60.0508
22.5531 60.0508
b
29.0022 59.9476
29.2556 60.0062
b
30.0489 60.0133
27.8663 60.5601
27.6246 60.5859
b
9.94119 63.4115
10.0398 63.5781
b
9.96231 63.7541
10.0046 63.7987
b
9.92946 63.9231
11.8492 65.1528
13.5248 66.7182
15.6323 67.5349
17.6928 68.7482
19.8096 69.7151
19.988 69.8066
b
18.2349 63.0008
19.8683 63.6509
b
15.6323 68.9265
15.6323 68.9265
b
14.4518 68.6801
14.4518 68.6801
b
15.7754 69.1941
15.7754 69.1941
b
14.9259 67.7954
14.9259 67.7954
b
16.9442 69.1941
16.9442 69.1941
b
18.2443 69.694
18.2443 69.694
b
18.8639 70.0202
18.7888 69.9897
b
19.1502 70.0319
19.2159 69.9873
b
19.3473 70.0061
18.8873 69.9756
b
18.0871 63.0125
17.0709 60.9637
18.6245 60.0555
b
19.9622 60.3911
19.9833 60.025
b
20.049 60.0907
19.9833 60.2221
b
20.0162 60.3465
19.9622 60.3911
b
7.54742 63.0102
9.7112 63.6509
9.94119 63.4115
b
10.0398 63.5781
9.96466 63.7541
b
10.0069 63.7987
9.93181 63.9231
b
8.45095 63.5687
8.45095 63.5687
b
4.93305 61.1304
4.93305 61.1304
b
5.00111 60.6704
5.00111 60.6704
b
5.94923 59.9898
5.79434 60.0837
b
5.40711 59.9569
7.3808 61.1444
5.10671 61.2242
6.36462 63.0102
b
5.8929 62.2381
5.8929 62.2381
b
5.00111 61.7617
5.00111 61.7969
b
-8.3829 71.0762
-8.3829 71.0762
b
-17.7468 79.201
-17.7468 79.201
b
-17.735 77.9008
-17.735 77.9008
b
-20.0725 79.7713
-19.9129 79.7947
b
-20.0068 79.9238
-19.7815 79.9801
b
-17.5144 80.013
-19.7392 79.438
-19.88 78.8889
b
-20.0959 77.814
-19.8519 77.6896
b
-20.0068 77.3658
-18.2044 76.9856
b
-18.1974 76.9856
-19.7463 76.9011
b
-20.2156 76.2158
-19.812 76.0351
b
-20.0842 75.8873
-19.7697 75.1128
b
-20.2062 74.6317
-19.6195 74.2163
b
-18.7489 76.5021
-18.7489 76.5021
b
-17.9768 75.3006
-17.9768 75.3006
b
-20.5254 80.013
-20.0654 79.7713
b
-19.9082 79.7947
-20.0021 79.9238
b
-19.8847 78.8889
-21.8936 77.7319
-20.1006 77.814
b
-19.8519 77.6896
-20.0021 77.3658
b
-19.7533 76.9011
-22.1377 76.7908
-20.2227 76.2158
b
-19.819 76.0351
-20.0913 75.8873
b
-19.7744 75.1128
-22.1682 75.4625
-20.2062 74.6317
b
-19.6195 74.2163
-21.9054 74.505
-24.0457 73.6179
-26.2705 73.2283
-24.1208 72.2614
-21.9476 71.4987
-24.1208 70.7336
-26.4019 71.609
-28.4108 70.5482
-26.1625 70.2478
-23.811 70.1023
-22.1494 70.1399
b
-22.1471 70.1399
-22.1893 70.0507
b
-21.7599 74.3618
-21.7599 74.3618
b
-25.6415 73.2072
-23.2712 73.0711
-25.543 73.233
-25.6415 73.2072
b
-22.0368 72.8716
-24.2991 72.8997
-22.0462 72.8997
-22.0368 72.8716
b
-23.0623 72.7214
-23.0623 72.7214
b
-25.4538 70.8627
-27.8945 70.4332
-25.6885 70.9542
-25.4538 70.8627
b
-50.4335 69.9075
-50.3912 70.0061
b
-50.9639 69.9897
-53.414 70.3346
-50.6541 70.33
-52.9962 71.4001
-55.3665 71.4048
-55.8594 73.5897
-57.6383 74.9884
-59.2247 75.9131
b
-54.348 70.3276
-53.1934 70.1774
b
-54.5264 69.9709
-54.348 70.3276
b
-70.0976 70.8064
-69.9427 70.8228
b
-70.1422 70.5905
-68.8092 70.0319
b
-68.7083 69.931
-67.4504 70.0319
b
-68.95 77.2649
-66.5844 77.347
-68.95 77.2649
-68.95 77.2649
b
-70.2642 77.2273
-67.955 77.1874
-65.6832 77.2179
-68.2272 77.5418
-69.6447 77.5207
b
-70.1187 77.6122
-69.9967 77.6826
b
-70.1094 78.802
-67.678 79.1095
-65.3218 79.3371
-64.8806 79.9825
b
-65.4978 80.0224
-66.1643 79.9895
b
-59.8865 75.9131
-62.3085 76.1994
-64.6459 76.1313
-66.927 76.2158
-69.302 76.2956
-69.8841 76.7345
b
-70.0084 76.833
-69.924 76.9293
b
-79.384 76.9692
-79.844 77.1616
b
-80.2547 77.225
-77.7765 77.5418
-75.608 78.2059
-77.8609 78.8982
-75.4484 79.0203
-77.8328 79.2691
-75.486 79.3723
-73.0828 79.6422
-72.1628 79.6469
b
-72.1605 79.6469
-71.1654 79.959
b
-72.2473 80.006
-72.7073 79.9989
b
-80.189 75.1738
-79.9449 75.5352
b
-79.2292 76.0468
-79.2292 76.0468
b
-79.7032 74.8476
-79.7924 75.0283
b
-80.0459 74.8171
-79.7032 74.8476
b
-77.7084 69.9427
-78.8865 70.1117
b
-80.1444 72.3576
-77.699 72.7308
-75.371 72.5008
-73.2964 71.3414
-70.8603 71.0317
-70.1 70.8064
b
-69.9427 70.8228
-70.1399 70.5905
b
-80.3204 76.2205
-78.0956 76.6312
-79.3911 76.9692
b
-78.964 73.6038
-76.6688 73.1462
-78.9968 72.7378
-79.79 72.7542
b
-80.0904 73.6648
-78.964 73.6038
b
-71.2992 76.9997
-70.2666 77.2273
b
-69.6447 77.5207
-70.1234 77.6122
b
-69.9991 77.6826
-72.2614 77.9666
-70.1117 78.802
-70.1117 78.802
b
-69.8887 76.7345
-70.0108 76.833
b
-69.9216 76.9293
-71.2922 77.0044
b
-87.2459 80.0505
-85.0775 79.3324
-87.4243 78.7692
-89.6491 78.389
-89.9683 78.4993
b
-90.0809 78.4265
-89.9026 78.2271
b
-88.6376 76.9997
-86.4785 77.7929
-84.2631 77.3892
-86.4128 78.1801
-84.1411 78.8208
-81.8881 78.7856
-84.1974 78.9053
-86.394 79.7736
-86.3565 79.9989
b
-83.2094 80.006
-80.9377 79.4967
-82.4959 79.9966
b
-79.8464 77.1616
-82.1275 77.2179
-80.25 77.225
b
-90.1255 74.5026
-87.7646 74.458
-85.4506 74.4979
-83.207 74.803
-80.818 74.559
-80.189 75.1738
b
-79.9449 75.5352
-82.1932 75.7488
-84.418 75.5141
-86.6897 75.4273
-87.9101 75.7652
b
-90.0598 75.784
-89.9565 75.8497
b
-90.2687 76.1079
-89.9589 76.2839
b
-79.7924 75.0283
-80.0459 74.8171
b
-80.1655 69.9685
-80.2735 70.0014
b
-80.5199 69.9685
-81.7778 70.0272
b
-84.8545 69.9803
-85.6243 70.0272
b
-85.582 69.9709
-87.8726 70.3018
-89.9565 71.3086
-89.9565 71.3086
b
-90.1255 71.6512
-89.9472 71.7615
b
-90.0692 72.0549
-89.9706 72.1699
b
-90.0481 72.367
-88.1096 73.6038
-85.7252 73.7845
-85.1103 73.7352
b
-85.108 73.7352
-86.6053 72.0314
-84.357 72.7378
-82.2495 73.7
-80.7053 71.9751
-80.1421 72.3576
b
-88.5531 76.9997
-86.2157 76.3027
-83.6529 76.3824
-81.3718 76.4622
-80.3204 76.2205
b
-79.7924 72.7542
-80.0928 73.6648
b
-99.9447 71.8718
-99.9869 71.8812
b
-100.001 73.1203
-99.8883 73.1297
b
-100.09 73.8854
-97.8044 73.8526
-96.5464 71.9986
-98.7008 71.3626
-99.9447 71.8718
b
-96.6802 72.9748
-96.6802 72.9748
b
-98.6656 73.8009
-98.6656 73.8009
b
-96.3939 69.9521
-95.2064 71.9375
-95.0374 71.954
b
-96.4103 75.6338
-96.5089 75.6338
b
-97.6894 76.0023
-99.7733 74.9978
-99.7733 74.9978
b
-100.062 75.5188
-99.8508 75.5493
b
-100.05 75.5939
-99.8438 75.7347
b
-100.083 75.9788
-99.9705 76.0422
b
-100.095 76.2041
-99.9353 76.2041
b
-100.029 76.6453
-97.7762 76.4857
-97.6917 76.0023
b
-95.0656 77.9337
-97.403 77.9877
-95.1876 78.5063
-95.0656 77.9337
b
-100.029 78.7246
-99.9353 77.8351
b
-98.3418 80.0271
-99.534 79.959
b
-89.9706 78.4993
-90.0833 78.4265
b
-89.9049 78.2271
-92.1766 78.22
-90.1865 79.2714
-92.4207 79.3887
-94.6831 79.2878
-96.0818 79.9731
b
-94.8239 80.0036
-94.73 79.9895
b
-94.3498 80.0036
-94.0682 79.9708
b
-95.0656 77.7389
-95.0656 77.7389
b
-94.9999 76.2111
-92.7469 75.9342
-90.9117 74.5988
-90.1279 74.5026
b
-89.9378 75.7652
-90.0598 75.784
b
-89.9589 75.8497
-90.2687 76.1079
b
-89.9589 76.2839
-92.2588 76.596
-94.5117 76.9551
-96.7553 76.7251
-94.9999 77.0302
b
-94.9999 75.6573
-95.0844 75.6901
b
-95.0703 74.0732
-92.7939 74.0403
-90.4236 73.9065
-92.3667 72.7049
-94.5821 72.022
-95.0703 74.0732
b
-94.9999 71.9375
-92.9394 71.0364
-92.1555 70.0507
b
-89.9589 71.3086
-90.1279 71.6512
b
-89.9495 71.7615
-90.0715 72.0549
b
-89.9706 72.1699
-90.0457 72.367
b
-110.069 72.5407
-109.98 72.5641
b
-110.003 72.6533
-109.914 72.6956
b
-110.069 72.9748
-108.196 71.6817
-106.549 73.2001
-104.634 71.7451
-102.634 70.6163
-100.86 70.0131
b
-104.974 73.0804
-104.974 73.0804
b
-99.9893 71.8812
-102.261 72.5242
-100.036 72.8223
-100.003 73.1203
b
-99.8907 73.1297
-100.093 73.8854
b
-99.7757 74.9978
-100.062 75.5188
b
-99.8508 75.5493
-100.048 75.5939
b
-99.8414 75.7347
-102.212 75.5775
-100.1 75.9788
b
-99.9728 76.0422
-100.095 76.2041
b
-99.94 76.2041
-100.034 76.6453
b
-100.05 78.7363
-100.032 78.7246
b
-99.94 77.8351
-102.268 78.2998
-104.605 78.3068
-102.531 79.1986
-100.315 78.8584
-100.053 78.7363
b
-101.991 77.9478
-101.991 77.9478
b
-105.023 77.5723
-105.023 77.5723
b
-104.009 76.603
-104.009 76.603
b
-101.022 76.7392
-101.022 76.7392
b
-103.028 76.3238
-103.028 76.3238
b
-103.05 76.0703
-103.05 76.0703
b
-103.061 75.9178
-103.061 75.9178
b
-104.087 75.4461
-104.087 75.4461
b
-110.043 76.5068
-107.79 76.0703
-105.462 75.7957
-107.645 75.0095
-109.949 74.8875
-109.949 74.8875
b
-110.064 75.5775
-109.449 76.2628
b
-110.076 78.0933
-109.963 77.929
b
-110.02 78.6049
-109.935 78.2904
b
-120.017 72.2309
-117.727 72.9866
-115.521 73.4348
-117.778 74.2773
-119.909 74.2656
b
-117.37 69.9521
-115.089 70.2901
-112.742 70.2478
-115 70.6092
-117.238 70.6609
-117.295 72.8997
-114.892 73.3269
-112.596 72.9279
-110.39 72.5407
-110.071 72.5407
b
-109.982 72.5641
-110.006 72.6533
b
-109.916 72.6956
-110.071 72.9748
b
-110.052 76.5021
-110.043 76.5068
b
-109.954 74.8875
-112.273 74.4721
-114.446 75.3217
-116.891 75.1597
-114.793 75.9999
-113.047 75.5775
b
-109.987 76.2628
-110.052 76.5021
b
-118.06 76.0492
-118.14 76.0492
b
-120.045 77.0419
-117.727 77.3165
-119.773 76.3566
-119.97 75.8802
b
-114.155 76.8917
-114.155 76.8917
b
-112.094 78.0346
-110.076 78.0933
b
-109.966 77.929
-112.331 77.347
-112.097 78.0346
b
-115.07 77.9407
-115.07 77.9407
b
-110.13 78.6307
-110.017 78.6049
b
-109.933 78.2904
-112.233 78.3467
-110.13 78.6307
b
-130.141 70.0742
-129.616 70.0202
b
-128.421 69.9498
-127.163 70.0366
b
-124.859 69.9897
-124.915 70.0014
b
-125.19 69.9427
-124.762 70.0272
b
-124.704 69.9615
-124.427 70.0014
b
-124.286 74.0168
-125.661 72.245
-123.559 71.2945
-121.273 71.4072
-120.015 72.2309
b
-119.907 74.2656
-122.254 74.5214
-124.704 74.4017
-124.286 74.0168
b
-120.132 77.0114
-120.048 77.0419
b
-119.968 75.8802
-122.249 75.9717
-120.212 76.9879
-120.127 77.0114
b
-131.024 69.9709
-130.141 70.0742
b
-150.158 70.4238
-147.853 70.2666
-145.567 70.0507
-145.328 70.0084
b
-144.952 69.9826
-144.919 70.0249
b
-144.612 69.9826
-142.561 70.0061
b
-160.061 70.2901
-159.897 70.6022
b
-160.106 70.6491
-157.834 70.8697
-155.576 71.142
-153.234 70.9354
-150.855 70.459
-150.16 70.4238
b
-162.532 69.9709
-162.293 70.0178
b
-161.903 69.9568
-160.064 70.2901
b
-159.897 70.6022
-160.103 70.6491
b
-179.946 71.5409
-177.655 71.2382
-179.904 70.9683
-179.904 70.9683
b
179.822 71.5292
180 71.5383
b
-180 71.5383
-179.948 71.5409
b
170.415 69.931
171.331 70.0178
b
-179.901 70.9683
-180 70.9765
b
180 70.9765
179.822 71.5292
b
159.923 70.452
160.045 70.2267
b
168.099 69.9944
168.475 70.0202
b
149.965 72.0173
150.04 71.8437
b
149.921 71.6536
152.216 71.203
154.455 70.9143
156.75 70.9988
158.998 70.8744
159.923 70.452
b
160.045 70.2267
159.923 70.0953
b
149.888 75.202
150.033 74.7326
b
139.984 71.4424
140.031 71.5644
b
139.907 72.0948
142.066 72.7096
144.525 72.651
146.745 72.374
144.417 72.4867
146.764 72.3248
149.05 72.2731
149.965 72.0173
b
150.043 71.8437
149.921 71.6536
b
139.961 75.7934
142.265 75.7324
139.998 74.796
139.998 74.796
b
141.329 76.1431
143.638 75.8732
141.399 76.1384
141.371 76.1431
b
146.292 75.5587
148.555 75.371
149.888 75.202
b
150.031 74.7326
147.778 74.9321
146.29 75.5587
b
140.953 74.1389
140.953 74.1389
b
141.329 73.8924
143.502 73.2752
141.207 73.3621
140.029 73.3621
b
139.785 73.4724
141.329 73.8924
b
139.972 72.4726
140.137 72.2379
b
129.947 71.0387
132.218 71.6254
134.546 71.4001
136.86 71.4588
139.212 71.4236
139.982 71.4424
b
140.029 71.5644
139.907 72.0948
b
136.013 74.0544
136.013 74.0544
b
135.849 75.5493
135.755 75.5493
b
139.918 75.838
139.965 75.7934
b
140.005 74.796
137.766 74.9415
138.447 75.838
b
140.029 73.3621
139.785 73.4724
b
137.039 71.6137
137.039 71.6137
b
138.043 71.5268
138.043 71.5268
b
139.972 72.4726
139.972 72.4726
b
140.139 72.2379
139.975 72.4726
b
119.977 73.0218
122.291 72.942
124.399 73.7751
126.614 73.402
128.933 73.2189
129.815 71.1021
129.947 71.0387
b
109.942 76.6617
112.205 76.4129
110.876 74.5777
109.853 74.3337
b
109.987 73.4911
110.151 73.6531
b
109.787 73.9746
112.115 73.6789
114.462 73.1438
116.823 73.5967
118.916 73.4653
b
113.019 74.512
113.019 74.512
b
118.942 73.4677
119.98 73.0218
b
99.8649 79.6657
100.231 79.6539
b
99.9752 78.4312
102.153 79.2151
104.425 79.0508
102.247 78.2036
100.069 77.9689
b
99.9869 78.3397
100.034 78.3655
b
107.023 78.1754
107.023 78.1754
b
99.9517 76.4505
102.083 77.2954
104.392 77.6333
106.56 77.0255
108.954 76.7016
109.94 76.6617
b
110.031 74.3337
107.858 73.6085
105.652 72.9443
107.957 73.233
109.984 73.4911
b
110.151 73.6531
109.79 73.9746
b
92.3667 80.0107
91.2684 79.9989
b
94.0306 80.0036
93.8335 79.9966
b
98.0578 80.02
98.4521 79.9895
b
98.8628 80.0013
99.0975 79.9919
b
99.2805 80.0107
99.8625 79.6657
b
100.229 79.6539
98.0695 78.7715
95.779 79.0109
93.5167 79.4826
94.5775 79.9848
b
99.9423 78.4242
99.9705 78.4312
b
100.064 77.9689
99.9799 78.3397
b
100.032 78.3655
99.947 78.4242
b
89.9143 75.4625
90.0035 75.4883
b
89.98 75.5517
92.233 75.8028
94.4812 75.9741
95.1618 76.4646
b
98.8041 76.4646
99.9587 76.4505
b
96.3212 76.2745
96.3212 76.2745
b
96.3 77.0044
96.3 77.0044
b
80.3416 73.1649
82.6368 73.6601
84.9836 73.7047
86.9502 74.8171
89.1891 75.4695
89.9166 75.4625
b
90.0035 75.4883
89.98 75.5517
b
89.4966 77.3047
89.4966 77.3047
b
82.1885 75.4132
82.1885 75.4132
b
82.3199 70.398
82.3199 70.398
b
79.9614 72.198
82.1674 71.6817
80.4589 73.1368
80.3416 73.1649
b
70.2431 73.0147
70.2431 73.0147
b
74.2022 73.0194
74.2022 73.0194
b
79.2761 73.0124
79.2761 73.0124
b
77.3681 72.5008
77.3681 72.5008
b
69.9474 72.8716
72.3834 72.7495
72.59 72.7237
b
72.5923 72.7237
72.7284 70.4379
72.5266 70.0061
b
73.6413 69.9427
74.5895 72.0995
76.7298 71.1959
78.7246 72.3388
79.959 72.198
b
59.9335 75.9999
62.2428 76.2463
64.5427 76.3285
66.7956 76.8753
69.0392 76.6312
66.8801 75.9999
64.5145 75.7066
62.224 75.3217
59.9992 74.6599
59.9992 74.6599
b
59.7668 70.1469
60.0203 70.0507
b
66.859 69.8887
66.9106 70.0366
b
67.211 69.9756
68.4454 71.8883
69.9474 72.8716
b
58.7976 80.0013
59.6519 79.9966
b
53.7449 73.2612
56.1386 73.1954
56.7207 70.9331
54.3973 70.7289
52.2992 71.5151
53.7449 73.2612
53.7449 73.2612
b
53.6698 73.7634
56.1058 74.0028
57.8706 75.4179
59.2365 75.9999
b
60.0766 74.6599
57.9035 74.0145
55.7631 73.3222
53.6698 73.7634
b
52.311 71.2875
52.311 71.2875
b
58.7648 69.9685
59.7692 70.1469
b
47.6243 80.006
47.9153 79.9895
b
29.9573 70.7055
29.9996 70.0695
b
19.988 78.9687
20.0255 78.5885
b
21.3891 78.6049
21.3891 78.6049
b
22.8887 78.281
22.8887 78.281
b
26.4277 78.7035
26.4277 78.7035
b
28.9764 78.8396
28.9764 78.8396
b
27.113 80.006
24.9633 79.3348
22.7009 79.2479
20.4292 79.431
20.0913 79.485
b
19.9317 79.614
20.0255 79.722
b
22.1283 80.0107
22.4381 79.9919
b
21.321 69.8887
21.2553 70.0131
b
21.9734 69.9897
22.9872 70.0483
b
23.229 69.9568
25.3599 70.7876
27.5894 71.0762
29.8377 70.6468
29.9597 70.7055
b
30.0019 70.0695
29.1759 70.0014
b
19.9997 70.0953
20.0654 70.0742
b
20.6827 70.215
20.6827 70.215
b
22.7338 70.2267
22.7338 70.2267
b
22.3583 70.6468
22.3583 70.6468
b
23.3839 70.3276
23.3839 70.3276
b
23.9354 70.5177
23.9354 70.5177
b
25.8316 71.0622
25.8316 71.0622
b
14.7499 79.7408
15.9984 79.9989
b
16.5569 80.0107
18.7254 79.4216
19.9833 78.9687
b
20.0208 78.5885
18.0683 77.4831
15.7308 76.8049
13.7219 77.8257
15.928 78.3374
13.5811 78.2059
11.3469 78.9499
13.4779 79.8229
14.7452 79.7408
b
10.5138 78.8748
10.5138 78.8748
b
18.885 74.4533
18.885 74.4533
b
20.0866 79.485
19.927 79.614
b
20.0208 79.722
18.7254 79.9895
b
18.8639 70.0202
18.8639 70.0202
b
18.7864 69.9897
19.1478 70.0319
b
19.2159 69.9873
19.3473 70.0061
b
18.885 69.9756
18.8615 70.0202
b
19.8214 70.1586
19.9997 70.0953
b
20.0654 70.0742
19.8214 70.1586
b
-14.2054 -7.91822
-14.2054 -7.91822
b
-36.1577 -10.1501
-34.9444 -8.2679
-35.0993 -6.01494
-37.2701 -4.76877
-39.2227 -3.28557
-39.983 -2.88661
b
-50.0486 0.037549
-49.9172 -0.018775
b
-39.983 -2.88661
-42.4519 -2.73172
-44.6908 -2.11215
-46.6316 -0.938734
-48.9808 -1.73666
-49.95 -0.206521
b
-49.95 -0.206521
-50.931 -0.007041
b
-80.0177 -2.29051
-79.9825 -3.24098
b
-80.0388 -6.80817
-78.7481 -8.73023
-78.2294 -9.98578
b
-89.3558 -0.74864
-89.3558 -0.74864
b
-80.0599 0.171319
-80.8203 -1.95726
-80.0177 -2.29051
b
-79.9825 -3.24098
-80.2711 -3.39587
b
-80.2711 -3.39587
-80.8884 -5.59485
-80.0388 -6.80817
b
-91.4609 -0.328557
-91.4609 -0.328557
b
-91.3717 0.103261
-91.5266 -0.05163
b
-90.7122 -0.206521
-90.7122 -0.206521
b
-90.3461 -0.528038
-90.3461 -0.528038
b
-140.031 -8.72788
-139.965 -8.90389
b
-138.961 -9.71355
-138.961 -9.71355
b
-140.087 -8.72788
-140.031 -8.72788
b
-139.965 -8.90389
-140.087 -8.72788
b
-157.907 -9.00246
-157.907 -9.00246
b
-173.063 -2.77631
-173.063 -2.77631
b
-170.669 -3.70565
-170.669 -3.70565
b
-171.805 -9.14562
-171.805 -9.14562
b
174.318 -0.635992
174.318 -0.635992
b
179.153 -8.50962
179.153 -8.50962
b
160.817 -8.38994
160.817 -8.38994
b
160.263 -8.99072
160.263 -8.99072
b
159.932 -9.33102
160.075 -9.83324
b
169.538 -0.835473
169.538 -0.835473
b
150.129 -2.47591
150.129 -2.47591
b
150.958 -2.64254
152.889 -3.90513
150.958 -2.75284
150.958 -2.64254
b
149.909 -5.51741
151.873 -4.2243
150.857 -6.24493
150.106 -6.32237
b
154.678 -4.95417
154.678 -4.95417
b
154.832 -5.41884
154.832 -5.41884
b
156.588 -6.59695
156.588 -6.59695
b
156.654 -7.50048
156.654 -7.50048
b
157.205 -7.85016
157.205 -7.85016
b
157.372 -8.18107
157.372 -8.18107
b
157.383 -8.55421
157.383 -8.55421
b
158.045 -8.60819
158.045 -8.60819
b
158.63 -7.50987
158.63 -7.50987
b
159.679 -9.27704
159.932 -9.33102
b
160.075 -9.83324
159.679 -9.27704
b
152.723 -8.94848
152.723 -8.94848
b
150.648 -9.34275
150.648 -9.34275
b
150.967 -9.80038
151.376 -9.96466
b
151.122 -10.0186
150.967 -9.80038
b
149.953 -9.59386
150.019 -9.76753
b
146.696 -1.9995
146.696 -1.9995
b
149.665 -1.33535
149.665 -1.33535
b
147.182 -5.25222
147.182 -5.25222
b
147.921 -5.53853
147.921 -5.53853
b
148.451 -5.51741
149.909 -5.51741
b
150.106 -6.32237
148.451 -5.51741
b
141.12 -2.57682
143.361 -3.36301
145.438 -4.46837
147.215 -5.94688
148.12 -8.01679
148.142 -8.04964
b
148.13 -8.04964
149.953 -9.59386
149.953 -9.59386
b
150.019 -9.76753
149.953 -9.89895
b
147.9 -10.0515
146.365 -8.24678
144.035 -7.64364
142.291 -9.17847
141.34 -9.14562
b
141.34 -9.14562
140.029 -8.05903
b
139.928 -2.34449
141.12 -2.57682
b
140.029 -8.05903
138.503 -6.25666
136.67 -4.77816
134.42 -3.98258
132.387 -2.99691
131.195 -1.01383
133.612 -0.781496
134.795 -2.90773
137.102 -2.14501
139.409 -2.12154
139.928 -2.34449
b
135.49 -0.74864
135.49 -0.74864
b
135.612 -1.6334
135.612 -1.6334
b
130.423 -0.114995
130.423 -0.114995
b
130.7 -0.990364
130.7 -0.990364
b
129.958 -1.80002
130.048 -2.08868
b
129.893 -3.01803
130.036 -3.47332
b
133.073 -5.39537
133.073 -5.39537
b
134.298 -5.80372
134.298 -5.80372
b
134.232 -6.21207
134.232 -6.21207
b
134.176 -6.23319
134.176 -6.23319
b
131.183 -7.78445
131.183 -7.78445
b
129.782 -1.85635
129.958 -1.80002
b
130.048 -2.08868
129.782 -1.85635
b
127.982 -3.52729
129.893 -3.01803
b
130.036 -3.47332
127.982 -3.52729
b
129.651 -7.90649
129.651 -7.90649
b
128.59 -7.18131
128.59 -7.18131
b
125.908 -8.02618
125.908 -8.02618
b
124.781 -9.06817
126.933 -8.41106
125.112 -9.41785
b
125.112 -9.41785
124.826 -9.88722
b
123.723 -10.0093
124.781 -9.06817
b
124.495 -8.19046
124.495 -8.19046
b
124.021 -8.46503
124.021 -8.46503
b
123.357 -8.52136
123.357 -8.52136
b
120.001 -8.44391
122.43 -8.59646
120.188 -8.80532
120.034 -8.81706
b
119.879 -8.4885
120.001 -8.44391
b
120.001 -9.27704
120.796 -9.93181
b
119.902 -9.35214
120.001 -9.27704
b
120.188 0.028162
122.287 -0.802618
122.376 -3.08609
120.421 -4.25716
120.156 -5.61598
b
121.866 -5.19824
121.866 -5.19824
b
122.376 -4.72183
122.376 -4.72183
b
122.805 -4.99876
122.805 -4.99876
b
123.038 -4.01544
123.038 -4.01544
b
123.07 -1.15699
123.07 -1.15699
b
123.225 -1.37994
123.225 -1.37994
b
124.417 -1.6686
124.417 -1.6686
b
125.422 -1.82349
125.422 -1.82349
b
125.908 -2.01124
125.908 -2.01124
b
126.063 -3.08609
126.063 -3.08609
b
127.928 0.061018
127.75 -0.269886
b
127.353 -0.359066
127.353 -0.359066
b
127.41 -1.44565
127.41 -1.44565
b
128.06 -3.81595
128.006 -3.7831
b
112.151 -8.25617
110.01 -7.76333
b
109.945 -6.83868
112.251 -6.82929
114.436 -7.77506
112.207 -8.2679
112.151 -8.25617
b
117.583 0.007041
116.49 -2.02297
115.253 -3.95911
113.167 -3.06262
110.893 -3.00864
110.043 -1.34708
b
116.269 -3.28557
116.269 -3.28557
b
120.034 -8.81706
119.879 -8.4885
b
120.134 -10.0632
119.902 -9.35214
b
117.109 -8.41106
117.109 -8.41106
b
116.105 -8.45565
116.105 -8.45565
b
115.044 -8.09189
115.044 -8.09189
b
112.803 -6.92786
112.803 -6.92786
b
115.298 -6.7847
115.298 -6.7847
b
120.156 -5.61598
119.548 -3.46158
119.47 -1.10301
119.792 -0.049284
b
103.838 0.072752
104.899 -1.96665
105.992 -4.09288
103.894 -4.9659
102.094 -3.44046
100.67 -1.26964
100.029 -0.305089
b
104.446 -0.481101
104.446 -0.481101
b
105.263 -1.8892
105.263 -1.8892
b
107.79 -2.54162
107.79 -2.54162
b
110.01 -7.76333
107.692 -7.53334
105.561 -6.76358
107.736 -6.19095
109.945 -6.83868
109.945 -6.83868
b
110.043 -1.34708
109.203 -0.082139
b
100.029 -0.305089
99.9634 -0.147851
b
98.837 -0.936387
98.837 -0.936387
b
55.275 -4.56929
55.275 -4.56929
b
43.1372 0.19244
41.7924 -1.34708
b
41.7924 -1.34708
40.2482 -3.17527
40.0933 -3.50852
b
46.4439 -9.41785
46.4439 -9.41785
b
34.1511 -0.938734
32.905 -2.89834
31.7808 -0.894144
31.7808 -0.894144
b
29.8611 -6.38808
31.0299 -8.32422
31.1636 -8.55421
b
34.0408 -9.69243
34.5595 -9.99752
b
34.0408 -9.69243
34.0737 -9.88722
b
29.9949 -7.23764
30.5793 -8.14821
b
30.6332 -8.23504
31.1636 -8.55421
b
34.0197 0.114995
34.1511 -0.938734
b
32.4192 0.103261
31.7808 -0.894144
b
40.0933 -3.50852
39.333 -4.64673
b
39.9291 -5.08794
39.9291 -5.08794
b
39.3869 -5.76148
39.3869 -5.76148
b
39.333 -4.64673
39.6193 -7.09448
39.753 -9.34275
39.9291 -9.99752
b
29.6969 -4.38154
29.8611 -6.38808
b
29.3331 -3.38648
29.6969 -4.38154
b
29.3331 -3.38648
29.3871 -5.66057
29.9949 -7.23764
b
13.2901 -10.0186
12.9498 -7.63191
12.288 -6.24727
b
12.288 -6.24727
12.2223 -5.83893
b
12.2223 -5.83893
11.9689 -5.06682
b
11.9689 -5.06682
11.0747 -3.97084
b
11.0747 -3.97084
10.0726 -2.88661
b
10.0726 -2.88661
8.81471 -0.870676
9.23245 -0.194787
b
-40.0628 -19.7791
-39.2696 -17.5966
-39.1147 -15.2591
-38.6852 -12.9264
-37.2959 -11.2155
b
-37.2959 -11.2155
-36.1577 -10.1501
b
-40.2506 -20.1851
-40.0628 -19.7791
b
-70.0976 -15.407
-69.8864 -15.813
b
-77.7694 -11.1263
-76.5678 -13.1
-75.4554 -15.1418
-73.5146 -16.3457
-71.4095 -17.5754
-70.5811 -18.2607
b
-70.5811 -18.2607
-70.2619 -19.8308
b
-70.0413 -15.5994
-70.0976 -15.407
b
-69.8864 -15.813
-70.0413 -15.5994
b
-78.2294 -9.98578
-77.7694 -11.1263
b
-149.454 -17.5684
-149.454 -17.5684
b
-145.64 -17.3267
-145.64 -17.3267
b
-145.121 -16.0735
-145.121 -16.043
b
-146.433 -14.4283
-146.433 -14.4283
b
-146.114 -14.3744
-146.114 -14.3744
b
-140.336 -15.989
-140.336 -15.989
b
-140.59 -19.6782
-140.578 -19.6172
b
-145.067 -19.8143
-145.067 -19.8143
b
-150.005 -17.5684
-149.96 -17.4839
b
-151.627 -16.7447
-151.627 -16.7447
b
-150.005 -17.505
-150.005 -17.5684
b
-149.96 -17.4839
-150.005 -17.505
b
-160.908 -10.3683
-160.908 -10.3683
b
-172.828 -13.4708
-172.828 -13.4708
b
-171.946 -13.8487
-171.946 -13.8487
b
-170.016 -18.9695
-170.016 -18.9695
b
177.789 -17.4206
177.789 -17.4206
b
178.749 -16.4677
178.749 -16.4677
b
159.967 -11.7318
160.089 -11.8398
b
166.445 -14.7287
166.445 -14.7287
b
167.062 -15.8716
167.062 -15.8716
b
168.031 -15.4774
168.031 -15.4774
b
168.022 -16.0852
168.022 -16.0852
b
168.308 -17.5473
168.308 -17.5473
b
168.836 -18.6433
168.836 -18.6433
b
169.101 -19.3661
169.101 -19.3661
b
161.488 -10.1829
161.488 -10.1829
b
165.729 -10.8048
165.729 -10.8048
b
159.979 -11.8398
159.967 -11.7318
b
160.089 -11.8398
159.979 -11.8398
b
151.376 -9.96466
151.122 -10.0186
b
149.953 -9.89895
150.106 -10.4223
b
139.867 -17.7186
141.357 -15.8411
141.545 -13.4614
142.225 -11.2554
142.225 -10.9996
b
142.723 -11.0254
143.462 -13.2033
145.138 -14.8813
145.91 -17.1483
146.726 -19.2323
148.149 -19.8894
b
142.225 -10.9996
142.727 -11.0254
b
150.106 -10.4223
147.9 -10.0515
147.9 -10.0515
b
129.923 -13.5811
131.84 -12.349
131.84 -11.3962
b
131.84 -11.3962
134.014 -12.0252
136.361 -11.9712
135.844 -14.2359
137.288 -16.1087
139.207 -17.3173
139.867 -17.7186
b
130.055 -11.8398
130.001 -11.8515
b
129.968 -11.699
130.055 -11.8398
b
130.254 -11.2554
130.254 -11.2554
b
136.429 -11.5253
136.429 -11.5253
b
136.405 -13.8182
136.405 -13.8182
b
139.58 -16.4372
139.58 -16.4372
b
119.879 -19.9411
121.688 -18.6127
122.756 -16.4584
124.884 -15.5008
126.626 -14.0552
128.853 -14.8907
129.923 -13.5811
b
130.001 -11.8515
129.968 -11.699
b
124.826 -9.88722
123.723 -10.0093
b
122.904 -10.901
122.904 -10.901
b
120.796 -9.93181
120.134 -10.0632
b
118.865 -20.0772
119.25 -19.9411
b
119.426 -20.0349
119.879 -19.9411
b
49.95 -14.0528
50.1378 -15.9045
b
57.4928 -20.0115
57.5585 -19.981
b
40.6777 -10.9996
40.4031 -13.3746
40.2811 -15.6158
40.1168 -15.7965
b
43.1137 -11.3939
43.1137 -11.3939
b
44.3059 -16.2659
46.4767 -15.3812
47.8003 -13.5577
49.95 -14.0528
b
50.1378 -15.9045
49.2671 -18.0753
48.6827 -19.9598
b
44.3153 -20.0232
43.9961 -17.8007
44.3059 -16.2659
b
39.9291 -9.99752
40.4899 -10.3894
b
40.4899 -10.3894
40.6777 -10.9996
b
40.1168 -15.7965
38.1525 -17.2422
36.3008 -18.7066
34.6463 -19.9387
b
34.9444 -11.6004
34.5689 -11.0559
b
34.3272 -10.9996
34.1723 -13.3629
34.7895 -13.6445
b
34.9444 -11.6004
34.8458 -13.6445
b
34.5595 -9.99752
34.5689 -10.9996
b
34.0737 -9.88722
34.3272 -10.9996
b
11.6262 -17.315
12.0463 -14.9212
12.8489 -12.8231
13.6985 -11.0348
b
12.8935 -20.0537
11.6708 -18.1504
11.6262 -17.315
b
13.6985 -11.0348
13.2901 -10.0186
b
-50.0979 -29.8588
-48.6194 -28.1245
-48.6522 -25.8879
-46.9226 -24.2733
-44.7049 -23.2806
-42.3909 -22.9145
-40.957 -21.1473
-40.2506 -20.1851
b
-50.1847 -30.1169
-50.0979 -29.8588
b
-70.2619 -19.8308
-70.2948 -22.1659
-70.5717 -24.5761
-70.7923 -26.8501
-71.5409 -28.9412
b
-71.5409 -28.9412
-71.3978 -29.8893
b
-109.499 -27.1693
-109.543 -27.1693
b
-124.946 -24.6418
-124.946 -24.6418
b
-135.685 -21.4618
-135.685 -21.4618
b
-130.27 -25.0431
-130.27 -25.0431
b
-137.25 -23.1116
-137.25 -23.1116
b
-140.798 -21.7505
-140.798 -21.7505
b
-175.219 -21.1332
-175.219 -21.1332
b
165.011 -21.4313
165.011 -21.4313
b
166.996 -20.8023
166.996 -20.8023
b
167.712 -21.4524
167.712 -21.4524
b
149.923 -22.2034
151.39 -23.9964
152.955 -25.8433
153.45 -28.0728
153.33 -29.7203
b
153.098 -24.7943
153.098 -24.7943
b
153.45 -27.3477
153.45 -27.3477
b
148.149 -19.8894
149.482 -21.8655
149.923 -22.2034
b
113.913 -21.8655
116.063 -20.9267
118.236 -20.3259
118.865 -20.0772
b
119.25 -19.9411
119.426 -20.0349
b
114.962 -30.1052
114.124 -27.9954
113.385 -25.7542
113.671 -23.3886
113.913 -21.8655
b
55.1225 -20.9877
55.1225 -20.9877
b
57.3919 -20.0748
57.4928 -20.0115
b
57.5585 -19.981
57.3919 -20.0748
b
48.6827 -19.9598
47.967 -22.0908
47.2934 -24.339
45.308 -25.5735
43.5666 -23.9659
43.2686 -21.6988
44.3153 -20.0232
b
32.8158 -26.7351
31.8583 -28.9271
30.9548 -29.9292
b
34.6463 -19.9387
35.2542 -22.14
35.1321 -24.4798
33.027 -25.4843
32.8158 -26.7351
b
16.4325 -28.6666
15.0432 -26.8642
14.5269 -24.5901
14.196 -22.2433
12.9827 -20.1992
12.8935 -20.0537
b
17.0943 -30.1029
16.4325 -28.6666
b
-53.2403 -33.6114
-51.5858 -31.8442
-50.1847 -30.1169
b
-60.0203 -38.8284
-57.826 -38.3356
-56.7441 -36.3314
-58.4104 -34.6111
-58.4761 -33.9986
b
-58.4761 -33.9986
-56.2372 -34.8646
-54.0101 -34.4844
-53.3271 -33.6137
b
-51.2666 -30.0043
-51.2666 -30.0043
b
-62.3695 -40.0394
-60.4287 -38.9223
-60.0203 -38.8284
b
-71.3978 -29.8893
-71.6184 -32.1634
-72.015 -34.4375
-72.9185 -36.5261
-73.5029 -38.7509
-73.7024 -39.9126
b
172.816 -34.468
174.414 -36.0662
176.036 -37.6949
178.385 -37.6855
176.874 -39.3963
176.862 -39.9924
b
175.001 -40.0347
174.856 -37.7723
173.612 -35.9066
172.816 -34.468
b
153.33 -29.7203
153 -31.3396
b
153 -31.3396
151.688 -33.1749
150.782 -35.2401
150.021 -36.85
b
149.989 -37.08
150.021 -37.5024
b
150.021 -37.5024
150.021 -37.5024
b
150.021 -36.85
149.989 -37.08
b
150.021 -37.5024
147.74 -38.061
145.546 -38.5726
143.307 -38.7462
141.026 -38.0539
140.144 -37.5541
b
147.905 -39.7976
148.28 -39.9596
b
148.104 -40.1215
147.905 -39.7976
b
140.144 -37.5541
139.339 -35.4583
136.98 -35.3128
137.884 -33.2195
135.922 -34.597
134.223 -33.0622
132.315 -32.0366
b
132.315 -32.0366
130.287 -31.5861
b
136.548 -35.8174
136.548 -35.8174
b
130.287 -31.5861
128.093 -32.0836
125.821 -32.2713
123.838 -33.5081
121.599 -33.8484
120.177 -33.893
b
120.177 -33.893
118.081 -34.996
115.844 -34.5783
115.072 -33.5527
b
115.072 -33.5527
115.502 -31.3021
114.962 -30.1052
b
30.9548 -29.9292
30.0606 -31.1965
b
30.0606 -31.1965
28.2747 -32.7736
26.1367 -33.7545
23.8744 -34.0667
21.5369 -34.4234
20.1499 -34.705
b
20.1499 -34.705
18.1316 -33.4236
17.7022 -31.227
17.0943 -30.1029
b
-68.6426 -50.0181
-68.6308 -49.8702
b
-67.9902 -50.0674
-66.392 -48.3589
-67.5513 -46.3007
-65.6551 -45.0827
-64.5286 -43.1395
-64.2869 -43.041
b
-64.2869 -43.041
-65.1575 -40.8725
-62.8647 -41.0813
-62.3695 -40.0394
b
-73.7024 -39.9126
-72.313 -41.6704
-72.9866 -43.867
-73.2494 -44.1698
b
-73.2494 -44.1698
-73.6578 -46.3852
-74.275 -48.6593
-74.2985 -49.9266
b
-73.8784 -41.7525
-73.8784 -41.7525
b
-73.0077 -44.4068
-73.0077 -44.4068
b
-74.2985 -44.6509
-74.2985 -44.6509
b
-74.2327 -45.0498
-74.2327 -45.0498
b
-74.1647 -45.1296
-74.1647 -45.1296
b
-74.1436 -45.2376
-74.1436 -45.2376
b
-73.8666 -45.7961
-73.8666 -45.7961
b
-74.2985 -47.7769
-74.2985 -47.7769
b
-74.9814 -47.7018
-74.9814 -47.7018
b
-75.1363 -48.0937
-75.1363 -48.0937
b
-75.4437 -48.1688
-75.4437 -48.1688
b
-74.9157 -48.4105
-74.9157 -48.4105
b
-75.4672 -48.6077
-75.4672 -48.6077
b
-75.0142 -48.9855
-74.4416 -49.9195
b
-74.7279 -50.0463
-75.0142 -48.9855
b
-75.5212 -49.706
-75.5212 -49.706
b
-176.322 -43.7919
-176.322 -43.7919
b
172.068 -41.0508
174.184 -41.7713
172.729 -43.5197
171.054 -45.1555
170.028 -46.3101
b
169.995 -43.3507
171.57 -41.7478
172.068 -41.0508
b
176.862 -39.9924
175.177 -41.492
175.001 -40.0347
b
167.879 -46.7443
167.879 -46.7443
b
170.028 -46.3101
167.768 -46.4016
168.132 -44.0923
169.995 -43.3507
b
148.28 -39.9596
148.104 -40.1215
b
148.137 -40.4242
148.137 -40.4242
b
144.795 -40.6753
147.067 -41.0016
147.332 -43.2545
145.281 -42.3228
144.795 -40.6753
b
70.0272 -49.1638
69.9991 -49.2554
b
68.9664 -49.1099
69.9991 -49.1451
b
69.9709 -49.6567
70.0554 -49.1451
b
69.9991 -49.2554
68.9664 -49.1099
b
69.9991 -49.1451
69.9709 -49.6567
b
37.6127 -46.8804
37.6127 -46.8804
b
-26.3597 -58.408
-26.3597 -58.408
b
-38.1243 -54.0288
-35.93 -54.5756
-38.1337 -54.0148
-38.1243 -54.0288
b
-59.3139 -51.4239
-59.9757 -51.9965
b
-60.0203 -51.7313
-59.964 -51.7242
b
-60.0414 -51.506
-59.3139 -51.4239
b
-58.4644 -51.3276
-58.4644 -51.3276
b
-70.0648 -52.5785
-68.3657 -52.3227
b
-68.3657 -52.3227
-68.4994 -50.0674
-68.6426 -50.0181
b
-68.6308 -49.8702
-67.9902 -50.0674
b
-68.652 -52.6583
-66.9669 -54.1509
-68.5863 -54.8948
b
-69.1589 -54.9957
-69.1589 -54.9957
b
-69.9427 -55.1741
-69.9427 -55.1741
b
-68.0911 -55.0145
-66.6126 -55.2163
b
-64.4089 -54.7986
-64.4089 -54.7986
b
-60.891 -51.8205
-60.891 -51.8205
b
-59.9757 -51.9965
-60.0203 -51.7313
b
-59.964 -51.7242
-60.0414 -51.506
b
-68.7411 -52.6583
-69.9451 -52.7709
b
-69.9991 -53.3952
-69.9169 -53.6932
b
-69.9991 -54.1556
-69.8887 -54.402
b
-69.9991 -54.8878
-68.5863 -54.8948
b
-74.2985 -49.9266
-73.47 -52.0458
-71.2992 -52.8132
-70.0648 -52.5785
b
-74.4416 -49.9195
-74.7279 -50.0463
b
-75.378 -50.3021
-75.378 -50.3021
b
-74.4416 -50.6869
-74.4416 -50.6869
b
-74.4416 -51.0014
-74.4088 -50.9662
b
-74.8828 -51.4309
-74.8828 -51.4309
b
-74.8711 -52.1396
-74.8711 -52.1396
b
-74.0544 -51.6773
-74.0544 -51.6773
b
-73.7141 -51.5342
-73.7141 -51.5342
b
-73.5381 -52.2218
-73.5381 -52.2218
b
-73.7235 -52.4494
-73.7235 -52.4494
b
-74.6716 -52.7592
-74.6716 -52.7592
b
-74.6294 -51.7313
-74.6294 -51.7313
b
-73.6132 -53.3952
-73.6132 -53.3952
b
-71.8836 -53.8599
-71.8836 -53.8599
b
-70.5482 -53.5923
-70.5482 -53.5923
b
-71.0012 -55.1107
-71.0012 -55.1107
b
-70.3628 -55.2727
-70.3628 -55.2727
b
-69.9451 -52.7709
-69.9991 -53.3952
b
-69.9169 -53.6932
-69.9991 -54.1556
b
-69.8887 -54.402
-69.9991 -54.8878
b
166.168 -50.6001
166.168 -50.6001
b
-1.50901 -70.053
-0.147851 -69.1307
b
0.021122 -69.0955
-0.058671 -69.2011
b
-45.6976 -60.5483
-45.6976 -60.5483
b
-54.6461 -61.1444
-54.6461 -61.1444
b
-58.9431 -62.2733
-58.9431 -62.2733
b
-60.0273 -62.6417
-59.9194 -62.7192
b
-58.3165 -64.4488
-58.3165 -64.4488
b
-57.4904 -64.6013
-57.1994 -64.5966
b
-60.0625 -63.9536
-57.6688 -63.3997
-59.091 -65.1622
-59.8232 -65.9508
b
-57.2839 -64.6365
-57.4904 -64.6013
b
-57.7392 -63.9372
-57.7392 -63.9372
b
-60.7173 -67.042
-60.2667 -69.3865
-60.6047 -69.8301
b
-61.121 -62.7638
-60.0273 -62.6417
b
-59.917 -62.7192
-61.1186 -62.7638
b
-62.691 -64.5661
-62.691 -64.5661
b
-64.2962 -64.7562
-64.2962 -64.7562
b
-66.2488 -65.9414
-66.2488 -65.9414
b
-69.0767 -67.8259
-69.0767 -67.8259
b
-70.0648 -69.295
-69.3513 -69.8348
b
-68.8374 -70.0014
-67.0632 -68.5675
-65.58 -66.7722
-63.8058 -65.1481
-61.5059 -64.5661
-60.0649 -63.9536
b
-59.8255 -65.9508
-60.7173 -67.042
b
-75.9107 -70.0108
-74.6434 -69.9897
b
-74.573 -70.0014
-72.2872 -69.471
-70.0389 -69.1354
-70.0671 -69.295
b
-90.4846 -68.8045
-90.4846 -68.8045
b
159.754 -69.6752
160.265 -69.9779
b
164.133 -67.549
164.189 -67.5231
b
149.864 -68.5018
152.239 -68.5229
154.492 -68.6567
156.923 -69.1917
159.754 -69.6752
159.754 -69.6752
b
139.923 -66.69
142.373 -67.0233
144.973 -67.0021
147.025 -68.0207
149.31 -68.5065
149.864 -68.5018
b
129.895 -66.0071
132.134 -66.1925
134.457 -66.0517
137.194 -66.3615
139.409 -66.6689
139.921 -66.69
b
119.604 -66.9693
121.824 -66.2582
124.312 -66.2019
126.832 -66.5656
129.123 -67.0373
129.897 -66.0071
b
109.959 -66.6525
112.122 -65.8968
114.502 -66.3075
116.943 -66.9036
119.604 -66.9693
119.604 -66.9693
b
99.8226 -65.8217
102.273 -65.7677
104.526 -65.4579
107.009 -66.4976
109.28 -66.7111
109.956 -66.6525
b
89.5458 -66.92
91.8504 -66.6243
94.3099 -66.6266
94.3099 -66.6266
b
94.3005 -66.636
96.0935 -65.1528
98.4403 -65.817
99.825 -65.8217
b
79.7689 -68.0348
82.1721 -67.2345
84.3875 -66.4811
86.8845 -66.1643
89.5458 -66.92
89.5458 -66.92
b
69.6822 -68.0535
72.0385 -68.5534
74.6294 -68.9876
77.1405 -69.3114
79.7689 -68.0348
79.7689 -68.0348
b
59.68 -67.5419
61.9236 -67.6686
64.2282 -67.7015
67.1242 -67.9597
69.6259 -67.8846
69.6822 -68.0535
b
49.9923 -67.3495
50.0392 -66.8871
b
49.9031 -66.6712
52.1795 -66.0775
54.6531 -66.0751
57.2018 -66.7534
59.4031 -67.4246
59.68 -67.5419
b
39.9408 -68.9664
42.1844 -68.4478
44.8081 -67.6874
47.1878 -67.5677
49.4924 -67.204
49.9899 -67.3495
b
50.0369 -66.8871
49.9008 -66.6712
b
29.8588 -69.3537
32.1493 -69.4452
34.5431 -69.0556
36.8195 -69.7315
37.5752 -69.8113
b
38.1502 -70.1328
39.9431 -68.9664
b
19.5257 -69.9944
20.042 -69.9873
b
27.5073 -70.053
29.8588 -69.3537
29.8588 -69.3537
b
9.86844 -69.9756
10.0515 -69.9639
b
12.6002 -70.1047
14.717 -69.3724
16.9747 -69.809
18.3734 -69.9897
b
19.1478 -70.0436
19.5233 -69.9944
b
-0.150197 -69.1307
0.023468 -69.0955
b
-0.053977 -69.2011
1.01618 -69.9803
b
1.34239 -70.0624
1.78359 -69.9333
b
6.8246 -70.0108
7.17193 -69.992
b
7.54507 -70.0037
8.23974 -69.9897
b
9.23949 -70.0436
9.86844 -69.9756
b
-10.1501 -70.9143
-7.84078 -70.7172
-5.57373 -70.4661
-3.04854 -70.33
-1.50901 -70.053
b
-20.1053 -73.4794
-17.9838 -72.6862
-15.529 -72.2098
-12.9803 -72.076
-10.6711 -71.0317
-10.1501 -70.9143
b
-30.2366 -76.718
-27.9555 -76.2416
-25.4491 -75.3545
-23.0225 -74.3548
-20.7272 -73.9089
-20.1077 -73.4794
b
-31.9756 -77.117
-30.239 -76.718
b
-40.7997 -77.8257
-37.5142 -77.9853
-35.2612 -77.929
-32.8487 -77.1968
-31.9756 -77.117
b
-50.3232 -77.6591
-47.967 -77.7225
-44.9067 -78.1238
-42.4284 -77.8187
-40.795 -77.8257
b
-45.998 -77.6802
-48.2603 -77.645
-45.8853 -77.699
-46.0918 -77.7248
b
-60.2386 -72.1605
-59.9616 -72.3036
b
-60.2104 -72.8904
-59.6565 -73.3808
b
-60.5906 -75.2818
-58.0936 -75.7488
-55.8265 -76.7884
-54.2072 -77.6591
b
-60.6023 -69.8301
-60.2362 -72.1605
-60.2362 -72.1605
b
-59.9616 -72.3036
-60.2104 -72.8904
b
-59.6542 -73.3808
-61.4988 -74.7232
-60.5882 -75.2818
b
-69.3537 -69.8348
-68.8374 -70.0014
b
-74.9368 -70.0436
-75.9084 -70.0108
b
-74.6434 -69.9897
-74.9391 -70.0436
b
-80.0365 -73.0851
-77.76 -72.8223
-75.432 -72.9044
-73.1884 -73.3151
-75.2959 -71.8366
-74.573 -70.0014
b
-90.3015 -72.4961
-87.7576 -72.5618
-85.2934 -72.8857
-82.9982 -72.9279
-80.4964 -73.0617
-80.0365 -73.0851
b
-100.055 -72.015
-99.8672 -72.0314
b
-100.046 -72.0877
-97.802 -72.2403
-95.5397 -72.7261
-93.282 -72.7331
-90.8601 -72.543
-90.3015 -72.4961
b
-104.904 -73.3081
-104.904 -73.3081
b
-110.029 -74.3501
-107.602 -75.0401
-104.796 -74.3524
-102.106 -75.1433
-103.416 -73.2189
-101.214 -72.0502
-100.055 -72.015
b
-99.8649 -72.0314
-100.043 -72.0877
b
-120.142 -73.9159
-117.588 -74.1271
-114.734 -74.1365
-112.026 -74.3712
-110.027 -74.3501
b
-130.224 -74.1928
-128.412 -74.0966
b
-127.504 -73.9887
-124.889 -73.3363
-122.528 -73.7258
-120.247 -73.9042
-120.144 -73.9159
b
-140.475 -75.1269
-137.513 -74.7444
-135.316 -74.7373
b
-135.319 -74.7373
-133.047 -74.634
-130.63 -74.1999
-130.226 -74.1928
b
-150.134 -76.6148
-148.144 -76.2604
b
-145.802 -75.3358
-145.802 -75.3358
b
-147.461 -76.3472
-145.044 -75.6268
-142.279 -75.2372
-140.472 -75.1269
b
-160.465 -77.9759
-157.348 -77.1733
-154.936 -77.117
-152.702 -77.2602
-150.158 -76.718
-150.129 -76.6148
b
-170.491 -78.565
-166.989 -78.5462
-164.454 -78.4078
-161.601 -78.0346
-160.465 -77.9759
b
179.939 -78.3303
180 -78.3359
b
-180 -78.3359
-177.667 -78.5134
-175.067 -78.5345
-171.838 -78.5744
-170.486 -78.565
b
169.988 -71.4118
170.275 -72.0314
b
169.911 -77.53
172.258 -77.6756
175.299 -77.8516
178.5 -78.1895
179.937 -78.3303
b
160.263 -69.9779
162.666 -70.8533
165.304 -70.7172
167.599 -71.0598
169.772 -71.67
169.988 -71.4118
b
170.275 -72.0314
168.383 -73.3574
166.224 -74.275
163.84 -74.918
162.61 -76.8753
164.825 -77.2883
166.177 -77.53
b
169.603 -73.3386
169.603 -73.3386
b
37.5775 -69.8113
38.1502 -70.1328
b
20.042 -69.9873
22.4592 -70.2079
24.792 -70.2173
27.0825 -70.0225
27.5096 -70.053
b
10.0515 -69.9639
12.3279 -70.0953
12.6002 -70.1047
b
18.3734 -69.9897
19.1478 -70.0436
b
1.01383 -69.9803
1.34239 -70.0624
b
1.78125 -69.9333
4.06237 -70.0695
6.39982 -70.2032
6.82225 -70.0108
b
7.17193 -69.992
7.54742 -70.0037
b
8.24209 -69.9897
9.24184 -70.0436
b
-19.4435 81.7684
-19.4435 81.7684
b
-19.5984 80.2313
-19.5984 80.2313
b
-20.0185 81.4633
-17.7655 81.7051
-15.4563 81.8928
-12.9592 81.7403
-15.1183 81.0808
-17.39 80.7311
-19.7369 80.6654
-19.7369 80.6654
b
-20.0185 80.6279
-17.7186 80.6044
-19.8965 80.2711
b
-19.7744 79.9801
-17.4745 80.0717
-17.5121 80.013
b
-21.1215 82.1533
-21.1215 82.1533
b
-22.8511 82.0336
-24.738 80.5692
-22.363 81.1888
-20.0255 81.4633
-20.0255 81.4633
b
-19.7416 80.6654
-20.0232 80.6279
b
-19.8965 80.2711
-20.5254 80.013
b
-30.1756 83.5004
-29.894 83.484
b
-30.0536 83.4065
-27.7067 83.4183
-29.6781 83.146
b
-30.3188 83.0897
-27.9719 83.0357
-25.6814 82.9747
-23.4191 82.7682
-25.7659 82.1251
-28.385 82.158
-29.2486 82.151
b
-30.1639 81.9468
-27.6293 81.9796
-25.3388 81.6957
-22.9075 82.0454
-22.8511 82.0336
b
-40.0558 83.1554
-39.8868 83.1085
b
-40.0793 82.8362
-39.976 82.8503
b
-40.0675 82.9911
-39.9549 83.2164
b
-40.0229 83.2516
-39.9478 83.2986
b
-40.0675 83.3596
-39.8798 83.3784
b
-40.0018 83.4042
-37.5986 83.3455
-35.2143 83.4605
-32.9238 83.5708
-30.6708 83.5262
-30.1639 83.5004
b
-29.8869 83.484
-30.0559 83.4065
b
-29.6781 83.146
-32.2502 83.1179
-34.5219 83.1319
-36.7561 82.8879
-34.3811 82.9325
-32.1282 83.0498
-30.2507 83.0897
b
-29.6663 82.151
-31.9944 82.1674
-30.1639 81.9468
b
-48.4152 82.6227
-46.1716 82.5452
-48.4152 82.6227
-48.4152 82.6227
b
-47.6994 82.9442
-47.6994 82.9442
b
-42.5387 83.1648
-42.5387 83.1648
b
-41.6329 83.1343
-41.6329 83.1343
b
-41.6117 83.3619
-40.0722 83.1554
b
-39.9009 83.1085
-41.6094 83.3619
b
-50.1354 82.4913
-47.7229 82.1181
-45.4418 81.745
-43.4047 82.7682
-41.1611 82.4842
-43.3766 82.8433
-42.2595 82.8362
b
-39.9783 82.8503
-40.0722 82.9911
b
-39.9572 83.2164
-40.0323 83.2516
b
-39.9572 83.2986
-40.0699 83.3596
b
-39.8798 83.3784
-40.0112 83.4042
b
-53.7214 82.3176
-53.7214 82.3176
b
-60.194 81.8693
-57.9128 81.4704
-59.7997 81.9398
b
-60.0297 81.9679
-57.7486 82.151
-55.4393 82.3528
-53.0267 81.9491
-50.6236 81.6863
-51.7876 82.5077
b
-51.79 82.5077
-50.1378 82.4913
b
-70.1962 80.2805
-68.0089 80.8015
-65.7935 81.2169
-68.2999 81.2592
-69.9897 81.0902
b
-70.0319 81.1723
-67.6663 81.4281
-65.3007 81.7215
-63.0665 81.8811
-62.3718 82.5006
b
-62.3671 82.5006
-64.7234 82.8151
-66.9576 82.7048
-67.8118 83.0193
b
-64.8806 79.9825
-65.4908 80.0224
b
-66.1596 79.9895
-64.1601 81.1348
-61.7851 81.1113
-60.7713 81.9163
b
-60.7689 81.9163
-60.1869 81.8693
b
-59.7974 81.9398
-60.032 81.9679
b
-80.1773 80.4988
-79.8957 80.5833
b
-80.2101 80.6232
-77.8915 80.8062
-75.5634 80.9306
-77.8351 80.8978
-79.891 81.1301
b
-80.067 81.1254
-79.9356 80.818
b
-71.1678 79.959
-72.2473 80.006
b
-72.7003 79.9989
-70.391 80.1374
-70.1938 80.2805
b
-69.9873 81.0902
-70.0249 81.1723
b
-69.7667 83.0193
-72.1135 83.0521
-74.3477 82.9325
-76.6946 83.0334
-79.1071 82.9325
-80.3087 82.8761
b
-90.0363 80.527
-87.6801 80.3721
-87.2483 80.0505
b
-86.3541 79.9989
-84.0261 80.2148
-83.2094 80.006
b
-82.4936 79.9966
-80.1749 80.4988
-80.1749 80.4988
b
-79.891 80.5833
-80.2101 80.6232
b
-79.891 81.1301
-80.0599 81.1254
b
-79.9356 80.818
-82.2073 80.5246
-84.479 80.4566
-82.2448 81.0878
-84.6105 81.0292
-86.8165 80.6349
-89.1164 80.8297
-89.3417 80.8649
b
-79.9684 82.8761
-82.2495 82.7987
-84.6339 82.3364
-87.0558 82.2261
-89.5717 81.9656
-89.9565 81.8529
b
-90.0363 81.63
-89.9706 81.5291
b
-90.0598 81.3577
-87.7505 81.5361
-85.3286 81.2122
-87.8444 80.9635
-89.337 80.8649
b
-99.1233 80.0764
-98.3441 80.0271
b
-99.5316 79.959
-99.1186 80.0764
b
-95.1876 80.5786
-93.0004 81.0456
-90.7662 80.6865
-90.034 80.527
b
-96.0794 79.9731
-94.8215 80.0036
b
-94.7253 79.9895
-94.3498 80.0036
b
-94.0729 79.9708
-96.2977 80.3392
-95.19 80.5786
b
-89.9495 81.8529
-90.034 81.63
b
-89.9706 81.5291
-90.0645 81.3577
b
91.2966 80.0013
92.3667 80.0107
b
91.2755 79.9989
91.3036 80.0013
b
90.9117 81.224
90.0481 81.0972
b
89.973 81.1676
90.9117 81.224
b
94.8708 81.1019
97.1895 80.8015
94.8802 80.1209
94.0353 80.0036
b
93.8335 79.9966
91.5618 80.2594
93.7209 80.9377
94.8661 81.1019
b
94.8802 80.0153
97.1707 80.1397
98.0625 80.02
b
98.4544 79.9895
98.8675 80.0013
b
99.1045 79.9919
99.2829 80.0107
b
94.5728 79.9848
94.8732 80.0153
b
79.9825 80.8625
80.0764 80.7194
b
90.0504 81.0972
89.9753 81.1676
b
79.9262 80.8485
79.9825 80.8625
b
80.0693 80.7194
79.9191 80.8485
b
60.5061 80.7898
60.0931 80.8062
b
59.9335 80.3768
62.2146 80.6795
60.5061 80.7898
b
60.9802 81.0714
60.9802 81.0714
b
63.5288 81.2873
63.5288 81.2873
b
63.5382 81.6933
63.5382 81.6933
b
50.8442 80.8719
50.065 80.8532
b
49.997 80.8532
50.0064 80.8649
b
49.9289 80.8062
50.0322 80.7311
b
49.9641 80.3181
50.0768 80.4378
b
49.9641 80.4847
50.8371 80.8719
b
53.0291 80.3533
53.0291 80.3533
b
56.7676 80.3275
56.7676 80.3275
b
58.1029 80.4566
58.1029 80.4566
b
59.2271 80.0459
58.8046 80.0013
b
59.6565 79.9966
59.2247 80.0459
b
60.0978 80.8062
59.9382 80.3768
b
58.4221 81.7872
58.4221 81.7872
b
57.6711 81.5314
57.6711 81.5314
b
56.5353 81.3695
56.5353 81.3695
b
58.7084 80.8532
58.7084 80.8532
b
56.1058 80.7194
56.1058 80.7194
b
54.6062 80.8602
54.6062 80.8602
b
55.8641 80.9705
55.8641 80.9705
b
56.8216 81.0433
56.8216 81.0433
b
46.5119 80.8602
44.259 80.6232
46.5401 80.7523
48.9057 80.6818
46.6527 80.8438
46.5119 80.8602
b
50.0627 80.8532
49.997 80.8532
b
50.0064 80.8649
49.9313 80.8062
b
50.0298 80.7311
47.7863 80.6021
47.6173 80.006
b
47.9106 79.9895
49.9665 80.3181
b
50.0838 80.4378
49.9712 80.4847
b
33.4635 80.2078
33.4635 80.2078
b
22.7784 80.5129
25.0126 80.1937
27.1059 80.006
b
19.9551 80.4026
22.1236 80.0107
b
22.4357 79.9919
22.7831 80.5129
b
15.996 79.9989
16.5593 80.0107
