b
-168.979 72.0003
-168.976 70
b
-170 65.0825
-176.145 62.4864
-180 60.558
b
180 60.558
180 60.558
b
-168.976 70
-170 65.0825
b
-140 60.1926
-141.001 66.9325
-141 69.645
b
-139.052 60
-140 60.1926
b
-130.608 54.7078
-130 55.2609
b
-130 55.3191
-135.112 59.6214
-139.052 60
b
-130 55.2609
-130 55.3191
b
-123.094 48.9994
-120 49
b
-124.754 48.5011
-123.094 48.9994
b
-120 49
-117.038 49
b
-116.048 48.9997
-115 49
b
-117.038 49
-116.048 48.9997
b
-114.06 49.0005
-110 49.0005
b
-115 49
-114.06 49.0005
b
-110 49.0005
-105 48.9994
b
-101.367 48.9989
-100 48.9999
b
-104.033 49.0003
-101.367 48.9989
b
-105 48.9994
-104.033 49.0003
b
-97.2186 48.9997
-95 49.3575
b
-100 48.9999
-97.2186 48.9997
b
-91.037 48.1897
-91.4472 48.0495
b
-95 49.3575
-94.7092 48.858
b
-91.4472 48.0495
-93.3614 48.6086
b
-91.037 48.1897
-90.8381 48.2086
b
-90.3895 48.0972
-90 48.0301
b
-90.3895 48.0972
-90.8381 48.2086
b
-94.7092 48.858
-93.3756 48.6114
b
-90 48.0301
-85 46.963
b
-84.3517 46.5083
-84.1564 46.3908
b
-85 46.963
-84.3517 46.5083
b
-84.1564 46.3908
-82.459 45
b
-82.645 42.5564
-82.415 43.0147
b
-82.459 45
-82.415 43.0147
b
-80 42.4339
-82.645 42.5564
b
-79.0622 43.2722
-79.0658 43.1014
b
-79.0622 43.2722
-75.795 44.4956
b
-79.0658 43.1014
-80 42.4339
b
-75.795 44.4956
-75 44.9813
b
-73.9103 45
-73.353 45.0094
b
-74.6834 45.0065
-74.4839 45
b
-71.4941 45.0206
-70 46.7076
b
-73.353 45.0094
-71.4941 45.0206
b
-74.9 45
-74.6834 45.0065
b
-74.4839 45
-73.9103 45
b
-75 44.9813
-74.9 45
b
-67.2067 45.1839
-67.0404 45
b
-69.0545 47.2942
-67.2067 45.1839
b
-70 46.7076
-69.0545 47.2942
b
-67.0404 45
-66.9405 44.7692
b
-115 32.699
-117.122 32.5353
b
-110 31.3329
-114.811 32.5042
b
-114.718 32.7186
-115 32.699
b
-114.811 32.5042
-114.718 32.7186
b
-105 30.6767
-106.522 31.7783
b
-109.048 31.3325
-110 31.3329
b
-108.968 31.3329
-109.048 31.3325
b
-106.522 31.7783
-108.968 31.3329
b
-104.693 30
-105 30.6767
b
-100 28.0074
-104.693 30
b
-85.0189 14.6019
-85 14.7213
b
-85.1646 11.0413
-85 10.9775
b
-89.1802 15
-89.1861 14.9075
b
-85.6925 11.0761
-85.2216 11.0653
b
-85.7316 11.0631
-85.6925 11.0761
b
-85.2216 11.0653
-85.1646 11.0413
b
-89.1861 14.9075
-89.1311 14.715
b
-85.0406 14.5678
-85.0189 14.6019
b
-89.1311 14.715
-89.3533 14.4195
b
-89.495 14.4214
-89.3533 14.4195
b
-89.495 14.4214
-89.5228 14.2272
b
-89.3533 14.4195
-88.6829 14.0099
b
-85.5439 14.0458
-85.0406 14.5678
b
-89.5228 14.2272
-89.8544 14.0594
b
-88.0406 13.9311
-88.2688 13.9117
b
-87.9534 13.8961
-87.8816 13.9017
b
-88.0406 13.9311
-87.9534 13.8961
b
-88.3563 13.8707
-88.2688 13.9117
b
-88.4889 13.8658
-88.3563 13.8707
b
-85.7364 13.8286
-85.5439 14.0458
b
-86.0884 14.0444
-85.7364 13.8286
b
-87.6952 13.819
-87.8816 13.9017
b
-86.7633 13.7516
-86.0884 14.0444
b
-89.8544 14.0594
-90 13.9536
b
-86.7642 13.7108
-86.7633 13.7516
b
-86.7266 13.4648
-86.7642 13.7108
b
-86.7453 13.2609
-86.7266 13.4648
b
-86.9095 13.2411
-86.7453 13.2609
b
-87.3014 12.9867
-87.0636 13.0003
b
-86.9095 13.2411
-87.0636 13.0003
b
-88.495 13.9703
-88.6829 14.0099
b
-88.495 13.9703
-88.4889 13.8658
b
-87.8197 13.4067
-87.6952 13.819
b
-72.9086 10.4267
-71.3247 11.8531
b
-72.9778 10
-72.9086 10.4267
b
-75.2236 19.9017
-75.1592 19.9609
b
-75.1397 19.9628
-75.0853 19.893
b
-71.7542 19.7059
-71.7678 18.0386
b
-61.7733 10.76
-61.9831 10
b
-63.0115 18.0391
-63.143 18.0612
b
-178 -3.50001
-178 0
b
-178 -3.50001
-172.572 -3.50001
-167.434 -3.50001
-164 -3.50001
b
-178 -3.50001
-180 -7.99999
b
180 -7.99999
180 -7.99999
b
-167 -5.99998
-167 -3.50001
b
-160 2.49997
-160 5.00001
b
-164 -3.50001
-168.167 0
-173.287 0
-178 0
b
-164 -3.50001
-160 -3.50001
b
-167 -7.99999
-167 -5.99998
b
-175 -7.99999
-169.954 -7.99999
-167 -7.99999
b
-167 -10
-167 -7.99999
b
-175 -10
-175 -7.99999
b
-167 -7.99999
-161.925 -7.99999
-160 -7.99999
b
180 2.66256
180 2.66253
b
-180 2.66253
-178 0
b
-160 2.49997
-156.5 2.49997
b
-158 1.49999
-158.001 2.50473
b
-149.336 -3.50001
-148.384 -5.99998
b
-160 5.00001
-157 2.49997
b
-149.336 -3.50001
-152 2.49535
-156.5 2.49997
b
-160 -3.50001
-160 1.78169
-160 2.49997
b
-156.5 -5.99998
-151.688 -3.50001
-149.336 -3.50001
b
-158 1.49999
-156.5 2.49997
b
-148.384 -5.99998
-142.349 -7.00002
-140 -7.00002
b
-156.5 -7.99999
-156.5 -5.99998
b
-156.5 -7.99999
-156 -7.99999
b
-156 -10
-156 -7.99999
b
-160 -7.99999
-156.5 -7.99999
b
-148 -10
-148.003 -6.99445
b
-131 -10
-135.568 -7.00002
-140 -7.00002
b
-82.8336 9.49794
-82.5609 9.56533
b
-82.9305 9.06304
-82.8336 9.49794
b
-82.9305 9.06304
-82.8971 8.02794
b
-77.3666 8.675
-77.8897 7.22891
b
-79.8408 9.31583
-79.8412 9.41462
b
-79.7963 9.23744
-79.6014 9.21668
b
-79.5237 8.93711
-79.5819 9.19527
b
-79.8178 9.04661
-79.5941 8.86209
b
-79.9116 9.11027
-79.842 9.05915
b
-80.0009 9.28423
-79.9514 9.14224
b
-78.8112 1.43656
-75.5289 0
b
-73.3781 9.17136
-72.9778 10
b
-72.7688 9.11159
-73.3781 9.17136
b
-72.7902 9.08306
-72.7688 9.11159
b
-72.4322 8.39052
-72.7902 9.08306
b
-72.41 8.38891
-72.4322 8.39052
b
-72.3978 7.40639
-72.41 8.38891
b
-72.0656 7.06221
-72.3978 7.40639
b
-72.0656 7.06221
-70.1192 6.97582
b
-70 6.82863
-70.1192 6.97582
b
-70.0553 0
-70 0.591916
b
-69.4294 6.11864
-70 6.82863
b
-69.4294 6.11864
-67.4544 6.19308
b
-67.8038 5.00001
-67.4544 6.19308
b
-67.725 4.08305
-67.8038 5.00001
b
-67.7086 4.04697
-67.725 4.08305
b
-66.8706 1.22087
-67.7086 4.04697
b
-69.8461 1.71055
-66.8706 1.22087
b
-66.8586 1.2117
-66.8706 1.22087
b
-70 0.591916
-69.8461 1.71055
b
-65 1.16997
-66.8586 1.2117
b
-61.9831 10
-61.5092 9.96224
b
-60.2609 7.9213
-60 8.10399
b
-60.3395 7.84525
-60.2609 7.9213
b
-60.3367 7.15528
-60.3395 7.84525
b
-60.3681 6.93028
-60.3367 7.15528
b
-61.1381 6.70197
-60.3681 6.93028
b
-61.2803 6.06437
-61.1381 6.70197
b
-61.3858 5.94886
-61.2803 6.06437
b
-60.7303 5.20469
-61.3858 5.94886
b
-60.1094 5.2322
-60.7303 5.20469
b
-60.1094 5.2322
-60 5.10319
b
-60.7303 5.20469
-60.5878 5.00001
b
-60 4.92483
-60 4.50072
b
-60.5878 5.00001
-65 1.16997
b
-59.9461 8.20358
-59.9903 8.53529
b
-60 8.10399
-59.9461 8.20358
b
-57.2352 5.25999
-57.2486 5.48609
b
-60 4.50072
-59.727 4.41858
b
-60 5.10319
-60 4.92483
b
-59.727 4.41858
-58.9728 1.31973
b
-56.4706 1.94443
-57.2352 5.25999
b
-55.0194 2.58636
-55 2.5945
b
-58.5022 1.45474
-55.0194 2.58636
b
-58.9728 1.31973
-58.5022 1.45474
b
-54.1666 5.34748
-53.9647 5.765
b
-54.1669 5.34697
-54.1666 5.34748
b
-53.2967 2.31889
-51.6842 4.03414
b
-54.6039 2.32916
-54.3175 5.20902
b
-55 2.5945
-53.2967 2.31889
b
-54.3175 5.20902
-54.1666 5.34748
b
-80.1534 -3.88416
-80.3405 -3.38054
b
-80.5011 -4.05526
-80.1534 -3.88416
b
-80 -4.37142
-80.5011 -4.05526
b
-75.5289 0
-75 -0.124456
b
-75.5686 -1.54583
-78.7092 -4.58469
b
-79.4517 -4.76642
-80 -4.37142
b
-79.2319 -4.96392
-79.4517 -4.76642
b
-78.7092 -4.58469
-79.044 -5.00001
b
-79.0626 -5.00001
-79.2319 -4.96392
b
-75.2772 -0.650293
-75.5686 -1.54583
b
-75.2858 -0.119689
-75.2772 -0.650293
b
-79.044 -5.00001
-79.0626 -5.00001
b
-75 -0.124456
-74.3703 -0.577468
b
-70 -0.232483
-70.0553 0
b
-74.3703 -0.577468
-70.5498 -3.85336
-70 -4.16739
b
-72.6057 -5.00001
-70 -4.32815
b
-73.7953 -7.1225
-72.6057 -5.00001
b
-73.7953 -7.1225
-73.9872 -7.52887
b
-71.3634 -10
-70.6286 -9.9486
b
-73.9872 -7.52887
-72.1845 -10
b
-70.6286 -9.9486
-70.6292 -10
b
-69.442 -1.01779
-70 -0.232483
b
-70 -4.16739
-70 -4.32815
b
-69.957 -4.23692
-69.442 -1.01779
b
-66.6403 -9.91831
-65.4414 -9.67945
b
-66.7709 -10
-66.6403 -9.91831
b
-65.4414 -9.67945
-65.3289 -10
b
-172.501 -10
-167.356 -10
-167 -10
b
-175 -10
-172.501 -10
b
-166.993 -11.4983
-167 -10
b
-166.993 -11.4983
-161.242 -11.5
-160 -11.5
b
-175 -12
-175 -10
b
-175 -15
-175 -12
b
-176.5 -15
-175 -15
b
-171 -17
-171 -14.9991
b
-171 -17
-170 -17
b
-167 -17
-166.993 -11.4983
b
-170 -17
-167 -17
b
-170 -23.5
-170 -18.1864
-170 -17
b
-170 -23.5
-167.006 -23.5
b
-178.504 -23.5011
-172.5 -23.5
-170 -23.5
b
-176.504 -18.0047
-176.5 -15
b
-176.504 -18.0047
-178.304 -22.959
-178.504 -23.5011
b
-167.006 -23.5
-160.988 -23.5
-160 -23.5
b
-171 -14.9991
-172.501 -10
b
-178.504 -23.5011
-180 -23.5
b
180 -12
180 -12
b
-180 -12
-175 -12
b
180 -15
180 -15
b
-180 -15
-176.5 -15
b
-156 -11.5
-156 -10
b
-160 -11.5
-156 -11.5
b
-156 -12.0066
-156 -11.5
b
-160 -23.5
-156 -20.2445
-156 -14.2066
-156 -12.0066
b
-156.004 -23.5
-150 -27.1984
-144.93 -29
-140 -29
b
-156 -12.0066
-149.5 -12
-148 -10
b
-131.003 -25.9944
-131 -20.8197
-131 -15.4345
-131 -10
b
-140 -29
-135 -28.4059
-128.734 -26
-123.346 -26
-127.534 -22
-131 -22
b
-72.1845 -10
-71.3634 -10
b
-70.6292 -10
-70 -10.947
b
-70 -18.2717
-70.4056 -18.3486
b
-69.5675 -10.9506
-66.7709 -10
b
-65.3289 -10
-65.3958 -10.3933
b
-70 -10.947
-69.3526 -15
b
-65 -11.9051
-65.3958 -10.3933
b
-65 -11.9994
-65 -11.9362
b
-69.3526 -15
-69.0721 -18.0362
b
-69.4997 -17.5053
-70 -18.2717
b
-69.0721 -18.0362
-68.556 -20
b
-65 -11.9051
-65 -11.9362
b
-60.7439 -13.682
-60.2622 -15
b
-65 -11.9994
-60.7439 -13.682
b
-60.2622 -15
-60 -16.27
b
-61.8818 -20
-60 -19.2977
b
-60 -16.27
-57.7173 -17.7287
b
-60 -19.2977
-59.0529 -19.2962
b
-57.7173 -17.7287
-57.8714 -20
b
-59.0529 -19.2962
-58.1307 -20
b
-70 -29.4561
-70 -29.2664
b
-68.5314 -20.9261
-68.556 -20
b
-67.1836 -22.8217
-68.5314 -20.9261
b
-67.1836 -22.8217
-65.1903 -22.0947
b
-65.1745 -22.0955
-65 -22.0916
b
-67.2508 -23.7333
-67.1836 -22.8217
b
-68.4324 -25
-67.2508 -23.7333
b
-65.1903 -22.0947
-65.1745 -22.0955
b
-68.4859 -25.1625
-68.4324 -25
b
-68.5467 -25.29
-68.4859 -25.1625
b
-69.1205 -27.7741
-68.5467 -25.29
b
-69.6553 -28.4008
-69.1205 -27.7741
b
-70 -29.2664
-69.6553 -28.4008
b
-69.9172 -29.7134
-70 -29.4561
b
-69.925 -30
-69.9172 -29.7134
b
-62.1989 -20.4714
-61.9116 -20.0762
b
-62.2611 -21.0006
-62.1989 -20.4714
b
-65 -22.0916
-64.6703 -22.1711
b
-62.4609 -21.6859
-62.2611 -21.0006
b
-62.8083 -21.9984
-62.6439 -22.2389
b
-64.1158 -22.3428
-62.8083 -21.9984
b
-62.6439 -22.2389
-62.3414 -22.4703
b
-64.1158 -22.3428
-64.3247 -22.8736
b
-64.6703 -22.1711
-64.3247 -22.8736
b
-62.3414 -22.4703
-61.0248 -23.7861
b
-60.3136 -24.0194
-60 -24.0328
b
-61.9116 -20.0762
-61.8818 -20
b
-62.6439 -22.2389
-62.4609 -21.6859
b
-60.7878 -23.8744
-60.3136 -24.0194
b
-61.0248 -23.7861
-60.7878 -23.8744
b
-57.8714 -20
-58.1589 -20.168
b
-58.1307 -20
-57.9819 -22.0897
b
-56.8342 -22.2983
-57.9819 -22.0897
b
-60 -24.0328
-58.1357 -25
b
-55.5211 -23.5217
-55 -23.98
b
-56.8342 -22.2983
-55.5211 -23.5217
b
-58.1357 -25
-58.3528 -26.8853
b
-55 -26.7944
-55.9667 -27.3329
b
-58.3528 -26.8853
-55.9667 -27.3329
b
-55 -27.7906
-55.6264 -28.1411
b
-57.3445 -30
-55.6264 -28.1411
b
-55 -23.98
-54.2431 -24.0522
b
-54.3539 -24.7334
-54.4486 -25
b
-54.2431 -24.0522
-54.3539 -24.7334
b
-54.6039 -25.4222
-54.5986 -25.5108
b
-54.5992 -25.5733
-54.5986 -25.5108
b
-54.6455 -25.6625
-54.5992 -25.5733
b
-53.9672 -25.5878
-54.5992 -25.5733
b
-54.6455 -25.6625
-54.6675 -26.2389
b
-53.9672 -25.5878
-53.6503 -26.2631
b
-54.6675 -26.2389
-55 -26.7944
b
-53.6503 -26.2631
-55 -27.7906
b
-54.4486 -25
-54.6039 -25.4222
b
-70.3228 -32.208
-70 -30.3955
b
-70.2444 -32.3097
-70.3228 -32.208
b
-70 -32.8693
-70.2444 -32.3097
b
-70.0997 -33.0519
-70 -32.9062
b
-70 -33.2994
-70.0997 -33.0519
b
-70.0475 -34.2861
-70 -34.2719
b
-70.2472 -34.7044
-70.0475 -34.2861
b
-70.3622 -35.0294
-70.2472 -34.7044
b
-70.4244 -36.1361
-70.3622 -35.0294
b
-71.0292 -36.4791
-70.4244 -36.1361
b
-71.0006 -38.1542
-71.0292 -36.4791
b
-71.6461 -39.5892
-71.0006 -38.1542
b
-71.6583 -40
-71.6461 -39.5892
b
-70 -30.3955
-69.925 -30
b
-70 -32.9062
-70 -32.8693
b
-70 -34.2719
-70 -33.2994
b
-57.3445 -30
-57.8064 -30.7483
b
-56.0092 -31.0797
-57.6081 -30.185
b
-57.8064 -30.7483
-57.7994 -30.7915
b
-55 -31.288
-56.0092 -31.0797
b
-58.2 -32.4484
-58.2633 -34.1734
b
-58.0358 -31.5072
-58.2 -32.4484
b
-57.7994 -30.7915
-58.0358 -31.5072
b
-54.4633 -31.6725
-55 -31.288
b
-53.1662 -32.6533
-54.4633 -31.6725
b
-53.5247 -33.5941
-53.1662 -32.6533
b
-53.3744 -33.7405
-53.5247 -33.5941
b
-71.8591 -41.0114
-71.6583 -40
b
-71.8591 -41.0114
-71.6738 -46.0202
-72.2592 -51.2622
-68.4403 -52.3864
b
-68.6175 -52.6414
-66.4184 -55.1233
b
28.0284 69.9993
27.4366 70
b
14.3407 65.1124
15.0502 66.1561
b
14.2172 65.0202
14.3407 65.1124
b
12.7143 61.0542
12.3852 60.014
b
14.2172 65.0202
14.0899 64.113
b
14.09 64.113
14.0746 64.0984
b
14.0745 64.0984
14.0494 64.0748
b
14.0495 64.0748
12.0948 63.2053
b
12.0949 63.2053
12.1195 62.6403
b
12.1194 62.6403
12.2997 62.3524
b
12.2998 62.3524
12.3413 62.2743
b
12.3412 62.2743
12.2489 61.9975
b
12.249 61.9975
12.2175 61.8891
b
12.2174 61.8891
12.7143 61.0542
b
15.0502 66.1561
15.4999 66.3496
b
15.5 66.3496
15.8875 66.7652
b
15.8874 66.7652
17.1045 68.0086
b
17.1046 68.0086
17.1218 68.0138
b
17.1217 68.0138
18.1808 68.5437
b
18.1807 68.5437
19.9793 68.3542
b
23.5797 67.1777
24.0202 66.8178
b
24.0201 66.8178
23.6997 66.3934
b
23.6998 66.3934
24.1698 65.8233
b
24.1699 65.8233
24.1796 65.8135
b
23.5797 67.1777
22.4987 68.446
b
22.4988 68.446
22.3045 68.4852
b
20.6417 69.0454
20.9014 68.9945
b
20.9015 68.9945
22.3045 68.4852
b
19.9793 68.3542
20.3667 68.7912
b
20.3666 68.7912
20.6417 69.0454
b
21.9698 69.068
22.055 69.0182
b
22.0551 69.0182
25.0001 68.6242
b
20.6417 69.0454
21.9699 69.068
b
24.1796 65.8135
24.1356 65.5134
b
30 67.678
29.3856 66.6283
b
28.4695 68.8904
30 67.7055
b
29.3855 66.6283
29.5617 66.4482
b
30 65.6864
29.6074 65
b
29.5617 66.4482
30 65.9588
b
29.0204 69.0135
28.4696 68.8904
b
28.0284 69.9993
29.0203 69.0135
b
25.8602 69.4269
25.9867 69.6516
b
25.9866 69.6516
27.4365 70
b
25.8602 69.4269
25 68.6242
b
30 69.3921
29.0203 69.0135
b
29.6074 65
30 64.7952
b
30 64.5908
29.9877 64.5521
b
29.9876 64.5521
29.9997 64.5242
b
30 63.7501
30 63.7332
b
30 61.7361
29.6238 61.5069
b
29.6237 61.5069
29.2852 61.303
b
29.2853 61.303
27.4995 60.2553
b
30.8555 69.7877
30.2135 69.6499
b
30.2136 69.6499
30.2365 69.6086
b
30.2364 69.6086
30 69.3921
b
30 67.7055
30 67.678
b
30 65.9588
30 65.6864
b
30 64.7952
30 64.5908
b
29.9997 64.5242
30 63.7501
b
30 63.7332
30.2036 63.6151
b
30.2035 63.6151
30 61.7361
b
180 60.558
179.002 60
b
-7.25253 55.0705
-8.17168 54.4639
b
-7.19026 54.3369
-6.8675 54.3281
b
-7.20471 54.3097
-7.19026 54.3369
b
-8.17168 54.4639
-7.67525 54.1822
b
-6.8675 54.3281
-6.65196 54.1814
b
-7.31332 54.1125
-7.20471 54.3097
b
-7.67525 54.1822
-7.31332 54.1125
b
-6.60583 54.0445
-6.26693 54.0998
b
-6.65196 54.1814
-6.60583 54.0445
b
8.41025 55.0864
8.50713 55
b
4.27975 51.3767
4.24278 51.3559
b
4.67137 51.4278
4.27975 51.3767
b
4.24278 51.3559
4.2389 51.3506
b
3.38832 51.2686
3.37086 51.3739
b
5.00001 51.4378
4.67137 51.4278
b
4.2389 51.3506
3.98001 51.2272
b
3.85746 51.212
3.38832 51.2686
b
3.98001 51.2272
3.85746 51.212
b
2.5417 51.0911
2.60447 50.9114
b
3.09804 50.7811
3.11308 50.7934
b
3.02698 50.7697
3.09804 50.7811
b
3.11308 50.7934
3.18275 50.7569
b
2.60447 50.9114
2.86747 50.7133
b
3.18275 50.7569
3.24193 50.7131
b
2.86747 50.7133
3.02698 50.7697
b
3.24193 50.7131
4.03714 50.3564
b
4.79891 50.1497
4.84027 50.1481
b
4.03714 50.3564
4.1591 50
b
4.67798 50
4.79891 50.1497
b
4.84027 50.1481
4.82539 50
b
6.70513 52.5
6.75947 52.1145
b
6.16697 51.8378
6.05748 51.8628
b
6.75947 52.1145
6.16697 51.8378
b
6.05748 51.8628
6.03914 51.7169
b
5.23887 51.2622
5.00001 51.4378
b
5.56831 51.2209
5.23887 51.2622
b
5.85528 51.1483
5.56831 51.2209
b
5.77138 51.0041
5.85528 51.1483
b
6.03914 51.7169
6.06642 50.918
b
5.6836 50.8822
5.77138 51.0041
b
5.69386 50.8089
5.6836 50.8822
b
5.69196 50.7606
5.69386 50.8089
b
6.06642 50.918
6.01193 50.7572
b
5.89892 50.7539
5.69196 50.7606
b
6.01193 50.7572
5.89892 50.7539
b
6.01193 50.7572
5.86027 50.0481
b
6.13448 50.1278
6.13969 50
b
5.86027 50.0481
5.81898 50
b
11.8258 59.2471
10.9492 58.9471
b
11.8737 59.8855
11.9108 59.8067
b
12.3852 60.014
11.8737 59.8855
b
11.9108 59.8067
11.8258 59.2471
b
10 51.2864
10 50.9375
b
10 50.9208
10 50.8305
b
10.055 50.5164
11.3403 50.5098
b
12.5 50.3808
12.417 50
b
11.0028 52.5
10 51.4081
b
10 50.6764
10.055 50.5164
b
11.3403 50.5098
12.0936 50.3225
b
15 51.1624
15 51.3185
b
15 51.143
15 51.1546
b
15 50.9075
15 50.8664
b
15 50.9846
15 50.922
b
15.2445 50.9845
15 51.0086
b
15.3739 50.7828
15.2445 50.9845
b
16.4014 50.541
16.1181 50.6578
b
16.8728 50.1947
16.4014 50.541
b
17.5 50.2719
16.9109 50.4403
b
15.3739 50.7828
16.1181 50.6578
b
16.9109 50.4403
16.8728 50.1947
b
25 58.0296
24.315 57.8719
b
21.0517 56.0773
25 56.2956
b
20.9153 55.2936
22.627 55
b
23.1652 52.2822
23.3798 52.5
b
23.535 51.6536
23.1652 52.2822
b
23.5403 50.243
24.1083 50.63
b
23.9319 50.9945
23.6047 51.5278
b
25 51.9148
23.535 51.6536
b
24.1083 50.63
23.9319 50.9945
b
23.1754 50
23.5403 50.243
b
28.1892 59.3528
28.0159 59.4786
b
28.1892 59.3528
27.8445 59.16
b
27.7281 58.9911
27.8445 59.16
b
27.7281 58.9911
27.3719 57.5355
b
25.21 58.0314
25 58.0296
b
25.21 58.0314
28.0164 56.6117
b
28.0239 56.6014
26.6133 55.6747
b
26.0142 55.9553
26.6133 55.6747
b
26.0142 55.9553
25 56.2956
b
26.6133 55.6747
26.1847 55
b
29.9725 55.8564
28.168 56.1503
b
30 55.8559
29.9725 55.8564
b
28.0164 56.6117
28.0239 56.6014
b
26.1732 54.9907
26.1847 55
b
26.1732 54.9907
25.2081 54.2244
b
25 54.1461
25.2081 54.2244
b
25 51.9148
27.5119 51.6289
b
27.7097 51.5506
27.5119 51.6289
b
27.7097 51.5506
29.1878 51.6086
b
29.3539 51.3753
29.1878 51.6086
b
30 51.4877
29.3539 51.3753
b
30 55.8559
31.1986 54.4608
b
31.8697 54.0033
31.1986 54.4608
b
31.7642 53.8025
32.7367 53.4383
b
31.7642 53.8025
31.8697 54.0033
b
32.7367 53.4383
31.7839 52.108
b
30 51.4877
35 51.217
b
38.3614 50
38.195 50
b
37.9478 50
35 51.217
b
50 51.2343
48.8828 50
b
47.4464 50.3769
48.1463 50
b
47.4464 50.3769
47.2658 50
b
50 51.2343
50.7739 51.7689
b
53.3464 51.4995
55 50.8988
b
50.7739 51.7689
53.3464 51.4995
b
55 50.8988
60 50.8511
b
65 54.3944
60.0256 52.0008
60 50.8511
b
70 55.2056
68.2131 55
b
66.1084 54.645
65 54.3944
b
66.1084 54.645
68.2131 55
b
70.47 55.2966
70 55.2056
b
70.9863 55
70.47 55.2966
b
75 53.8194
70.9863 55
b
79.337 51.6692
80 50.8089
b
79.337 51.6692
75 53.8194
b
85 50.0031
84.9888 50
b
85 50.0825
80 50.8089
b
85 50.0825
85 50.0031
b
92.9711 50.6664
95 50.0369
b
90.0209 50
92.9711 50.6664
b
95 50.0369
95.0122 50.0231
b
96.0517 50
96.1116 50
b
95.7839 50
95.9174 50
b
95.0122 50.0231
95.0294 50
b
97.9785 50
100 51.7416
b
104.479 50.3181
105 50.4077
b
102.611 50.4157
104.479 50.3181
b
100 51.7416
102.611 50.4157
b
107.358 50
105 50.4077
b
115 50.1618
113.555 50
b
116.061 50
116.328 50
b
119.166 50
120 51.5021
b
115.203 50
115 50.1618
b
122.026 53.4139
121.414 53.3158
b
120 51.5021
121.414 53.3158
b
125 53.188
122.026 53.4139
b
127.486 50
125 53.188
b
166.999 50.6064
170 53.5129
b
179.002 60
174.782 57.3169
170.795 54.2115
170 53.5129
b
9.03363 46.0014
9.02277 46.017
b
9.61447 47.3675
9.65114 47.4178
b
7.04865 47.3514
6.98946 47.4939
b
6.00474 46.1742
6.12832 46.3261
b
7.85581 45.9192
8.38546 46.4545
b
9.02277 46.017
9.16307 46.173
b
6.16279 46.5586
6.46142 46.8536
b
6.69332 47.0694
6.84975 47.165
b
7.33122 47.4385
7.38835 47.4342
b
7.14641 47.4991
7.33122 47.4385
b
7.42084 47.4506
7.44724 47.4647
b
8.75971 46.105
8.80474 45.9892
b
7.06141 47.3475
7.04865 47.3514
b
7.01029 47.3039
7.06141 47.3475
b
9.53358 47.2744
9.61447 47.3675
b
6.84975 47.165
7.01029 47.3039
b
9.59863 47.0639
9.53358 47.2744
b
9.59863 47.0639
9.47469 47.0575
b
5.96837 46.1397
6.00474 46.1742
b
9.47469 47.0575
9.53358 47.2744
b
8.80474 45.9892
8.85666 45.9686
b
6.2439 46.3155
5.96837 46.1397
b
10 46.9039
9.59863 47.0639
b
6.46142 46.8536
6.69332 47.0694
b
6.07112 46.4264
6.16279 46.5586
b
6.80692 46.4042
6.2439 46.3155
b
7.03919 45.9323
6.80692 46.4042
b
9.73753 46.3578
10 46.2878
b
6.12832 46.3261
6.07112 46.4264
b
9.2433 46.2367
9.73753 46.3578
b
8.72891 46.1086
8.75971 46.105
b
8.70111 46.1009
8.72891 46.1086
b
6.98946 47.4939
7.00912 47.5
b
9.16307 46.173
9.2433 46.2367
b
7.0452 47.5
7.11384 47.5
b
7.1445 47.5
7.14641 47.4991
b
7.44724 47.4647
7.50166 47.5
b
9.99818 47.5
10 47.4881
b
9.65114 47.4178
9.55961 47.5
b
7.38835 47.4342
7.42084 47.4506
b
8.38546 46.4545
8.70111 46.1009
b
7.57888 45.9833
7.85581 45.9192
b
8.85666 45.9686
8.91555 45.915
b
7.03919 45.9323
7.57888 45.9833
b
8.91555 45.915
9.03363 46.0014
b
6.79885 45.7805
7.03919 45.9323
b
7.0892 45.477
6.79885 45.7805
b
6.63414 45.1239
7.0892 45.477
b
6.61969 45.1103
6.63414 45.1239
b
6.74018 45
6.61969 45.1103
b
10.1733 47.2747
10.4373 47.5
b
10.869 47.5
11.4135 47.5
b
12.913 47.5
13.055 47.5
b
10.4575 46.5425
10.4711 46.8714
b
10 46.2878
10.4575 46.5425
b
13.7186 46.5267
13.717 45.5961
b
10 47.4881
10.1733 47.2747
b
10.4711 46.8714
10.124 46.8498
b
10.8819 46.7708
12.1339 47.0836
b
10.4711 46.8714
10.8819 46.7708
b
12.2314 47.0769
12.6758 46.6603
b
15 46.6292
14.9203 46.6136
b
12.7481 46.6444
13.7186 46.5267
b
14.9203 46.6136
13.7186 46.5267
b
14.7036 45.5331
13.5917 45.4817
b
15 45.4979
14.7036 45.5331
b
12.1339 47.0836
12.2314 47.0769
b
10.124 46.8498
10 46.9039
b
12.6758 46.6603
12.7481 46.6444
b
16.6553 47.4581
16.6549 47.5
b
16.3753 46.7228
16.112 46.8697
b
16.6077 46.4761
16.3753 46.7228
b
16.6077 46.4761
16.9392 46.2461
b
20 46.1684
18.9047 45.9372
b
17.4231 45.9539
16.9392 46.2461
b
18.9047 45.9372
18.8169 45.913
b
17.4231 45.9539
18.2797 45.7595
b
18.8169 45.913
18.2797 45.7595
b
16.2525 46.9547
16.6553 47.4581
b
16.1911 46.9372
16.2525 46.9547
b
16.112 46.8697
16.1911 46.9372
b
16.0281 46.8414
16.0416 46.6575
b
15.6508 46.7094
16.0416 46.6575
b
15.6508 46.7094
15.097 46.6539
b
18.9322 45.7817
19.4 45.2358
b
16.0758 46.3845
15.3916 45.6471
b
18.8592 45.8433
18.9322 45.7817
b
19.1057 45
19.4 45.2358
b
16.2925 46.5308
16.6077 46.4761
b
16.2925 46.5308
16.2816 46.378
b
16.0758 46.3845
16.2816 46.378
b
15.3916 45.6471
15 45.4979
b
16.3506 45.0033
15.7853 45
b
16.3506 45.0033
18.7313 45
b
18.7772 45
18.7497 45
b
15.097 46.6539
15.0742 46.6486
b
16.112 46.8697
16.0281 46.8414
b
15.0742 46.6486
15 46.6292
b
18.9047 45.9372
18.8592 45.8433
b
21.6556 47.0208
22.0074 47.5
b
20.2611 46.115
20 46.1684
b
21.4733 45.1875
20.2611 46.115
b
21.4895 46.6844
21.6556 47.0208
b
20.7958 46.2658
21.4895 46.6844
b
20.727 46.1755
20.7958 46.2658
b
20.2611 46.115
20.727 46.1755
b
21.3745 45
21.4733 45.1875
b
28.7484 45.2247
29.6597 45.2116
b
28.2148 45.4486
28.7484 45.2247
b
28.2148 45.4486
28.1191 46.1241
b
28.1197 46.8544
27.4678 47.5
b
29.1497 47.5
29.9634 46.6764
b
29.9689 46.5858
29.9634 46.6764
b
29.9689 46.5858
29.8961 46.5517
b
30 46.4946
29.8961 46.5517
b
30 46.379
28.4233 45.5117
b
28.4191 45.512
28.2148 45.4486
b
28.1191 46.1241
28.1197 46.8544
b
30.1334 46.4164
30 46.4946
b
30 46.379
30.1334 46.4164
b
38.0242 49.903
37.9478 50
b
39.1839 49.8806
38.3614 50
b
39.1839 49.8806
40 49.613
b
40 49.1496
40 48.8753
b
40 48.797
40 48.2968
b
39.8006 48
38.2358 47.1094
b
36.6942 45.4319
36.5308 45.1372
b
38.195 50
38.0242 49.903
b
40 48.241
39.8006 48
b
40 49.613
40 49.1496
b
40 48.8753
40 48.797
b
40 48.241
40 48.2968
b
48.8827 50
48.1463 50
b
47.2658 50
49.2225 46.3464
b
59.7919 45
55.9975 45
b
80.0475 45
85 46.909
b
85 49.9013
84.9888 50
b
87.8409 49.1731
90 47.8936
b
85 46.909
87.3483 49.0925
b
87.8409 49.1731
90 49.9781
b
87.3483 49.0925
87.8409 49.1731
b
87.3483 49.0925
85 49.9013
b
93.0775 45.0103
91.0384 46.6903
b
90 49.9781
90.0209 49.9961
b
91.0384 46.6903
90 47.8936
b
90.0209 49.9961
90.0209 50
b
93.2288 45
93.0775 45.0103
b
95.9174 50
96.0517 50
b
95.4917 49.9076
95.7839 50
b
97.0837 49.8193
97.9785 50
b
95.0294 50
95.4917 49.9076
b
96.1116 50
97.0837 49.8193
b
108.541 49.3405
107.358 50
b
110 49.2011
108.541 49.3405
b
111.785 45
111.984 45.092
b
114.147 45
115 45.388
b
112.13 49.4367
110 49.2011
b
111.984 45.092
112.551 45
b
113.555 50
112.13 49.4367
b
115.573 48
117.903 48.0117
b
116.586 46.2959
119.891 46.6717
b
119.481 47.329
118.424 48
b
115.364 49.9206
115.576 49.9064
b
116.328 50
116.711 49.8306
b
115.576 49.9064
116.061 50
b
116.711 49.8306
115.573 48
b
118.424 48
117.903 48.0117
b
119.021 49.9802
119.166 50
b
115.364 49.9206
115.203 50
b
116.711 49.8306
117.833 49.5276
b
119.891 46.6717
119.481 47.329
b
118.746 49.9536
119.021 49.9802
b
115 45.388
116.586 46.2959
b
117.833 49.5276
118.746 49.9536
b
129.267 49.3714
130 48.9964
b
129.267 49.3714
127.486 50
b
132.838 45.0575
131.494 45
b
131.095 47.6725
130.825 48.3244
b
133.417 45.5695
133.133 45.4211
b
133.417 45.5695
134.741 48.2672
b
130.627 48.8764
130 48.9964
b
134.053 48.3267
132.512 47.712
b
134.741 48.2672
134.416 48.3911
b
135 48.3583
134.741 48.2672
b
135 48.4287
134.416 48.3911
b
133.133 45.4211
132.838 45.0575
b
134.416 48.3911
134.053 48.3267
b
130.825 48.3244
130.627 48.8764
b
132.512 47.712
131.095 47.6725
b
135 48.3583
135 48.4287
b
142.291 45.6422
141.722 45.7125
b
145.412 43.6439
145.443 44.0414
b
145.875 43.2839
145.737 43.4583
b
-8.74497 41.9528
-8.20109 42.1528
b
-7.2075 41.8839
-6.98279 41.9739
b
-8.20109 42.1528
-8.16391 41.8172
b
-8.055 41.8194
-7.2075 41.8839
b
-8.16391 41.8172
-8.055 41.8194
b
-6.98279 41.9739
-6.81484 41.0408
b
-6.80113 40.8575
-6.87608 40
b
-6.81484 41.0408
-6.80113 40.8575
b
-1.78081 43.36
-0.723339 42.9189
b
-0.519164 42.7908
-0.308902 42.8484
b
-0.723339 42.9189
-0.519164 42.7908
b
-0.308902 42.8484
0 42.6856
b
0.675522 42.6886
0.843907 42.8275
b
0.475014 42.6958
0.675522 42.6886
b
0 42.6856
0.475014 42.6958
b
0.843907 42.8275
1.73336 42.4952
b
2.0028 42.4478
2.0028 42.4478
b
1.4458 42.602
1.7236 42.5095
b
1.73336 42.4952
3.17776 42.4369
b
7.06192 44.7222
6.74018 45
b
6.9489 44.6567
7.06192 44.7222
b
6.90028 44.3644
6.9489 44.6567
b
7.70913 44.0914
6.90028 44.3644
b
7.53195 43.782
7.70913 44.0914
b
7.39165 43.7275
7.43947 43.7575
b
9.67666 42.9528
9.45166 43.1822
b
9.82862 42.4864
9.79364 42.6628
b
9.03612 41.3414
9.39974 41.4106
b
12.4159 43.9581
12.4159 43.9581
b
20 42.5174
19.3687 41.8487
b
18.7772 45
19.0397 44.8614
b
19.1057 45
19.0397 44.8614
b
19.2192 43.5382
19.3542 44.8944
b
19.0397 44.8614
19.3542 44.8944
b
18.4556 42.5658
19.2192 43.5382
b
18.4556 42.5658
18.5033 42.4495
b
18.4556 42.5658
17.6547 42.8886
b
16.2482 44.19
17.5786 42.9439
b
16.2482 44.19
15.7853 45
b
18.7313 45
18.7497 45
b
21.3619 44.8231
21.3745 45
b
22.0314 44.5894
22.9975 44.1006
b
22.3819 43.7839
22.6814 44.2247
b
24.6869 43.7183
25 43.7242
b
22.9975 44.1006
23.0109 44.0247
b
24.3197 43.6967
24.6869 43.7183
b
24.1161 43.7
24.3197 43.6967
b
23.005 43.1928
22.3819 43.7839
b
22.4531 42.6222
23.005 43.1928
b
20.0882 42.5497
20 42.5174
b
22.3636 42.32
22.4531 42.6222
b
20.3556 42.312
20.0882 42.5497
b
20.4829 42.2533
20.3556 42.312
b
20.5856 41.8797
20.4829 42.2533
b
20.4625 41.5561
20.5691 41.8747
b
20.4911 41.4934
20.4625 41.5561
b
22.9355 41.3422
22.3636 42.32
b
20.5025 41.3044
20.4911 41.4934
b
20.6006 41.0933
20.5025 41.3044
b
20.6359 41.0903
20.6006 41.0933
b
20.735 40.9111
20.6359 41.0903
b
20.8211 40.9089
20.735 40.9111
b
20.9825 40.8953
20.8211 40.9089
b
20.9836 40.8558
21.1217 40.8572
b
20.9836 40.8558
20.9825 40.8953
b
24.2 41.5439
24.8151 41.3561
b
22.9355 41.3422
23.6263 41.3782
b
22.7688 41.3205
22.8814 41.3435
b
22.7644 41.2883
22.7688 41.3205
b
22.3478 41.1353
22.7644 41.2883
b
21.0467 40.6025
20.9836 40.8558
b
20.7919 40.4316
21.0467 40.6025
b
20.7688 40.342
20.7919 40.4316
b
20.4617 40.0742
20.6214 40.0853
b
20.3946 40
20.4617 40.0742
b
21.3619 44.8231
22.0314 44.5894
b
23.0109 44.0247
24.1161 43.7
b
20.6214 40.0853
20.7688 40.342
b
21.1217 40.8572
22.3478 41.1353
b
24.8151 41.3561
25 41.3786
b
23.6263 41.3782
24.2 41.5439
b
22.8814 41.3435
22.9355 41.3422
b
21.3471 42.1963
20.5856 41.8797
b
21.3471 42.1963
22.3636 42.32
b
20.5691 41.8747
20.5856 41.8797
b
27.288 44.1192
27.6983 43.9936
b
27.2728 44.1322
27.288 44.1192
b
27.6983 43.9936
28.5834 43.7478
b
25.8502 40.4036
25.625 40.2545
b
25.5889 40.0361
25.608 40
b
26.4383 44.0414
25.4638 43.6393
b
27.2728 44.1322
26.4383 44.0414
b
25.4638 43.6393
25 43.7242
b
26.5753 41.8986
26.3611 41.7111
b
28.0131 41.9822
26.9622 42.0034
b
25.2385 41.2563
25.1909 41.3014
b
26.3611 41.7111
26.5942 41.6109
b
25 41.3786
25.1909 41.3014
b
26.5942 41.6109
26.0447 40.7359
b
25.8971 41.3101
25.2385 41.2563
b
26.3611 41.7111
25.8971 41.3101
b
26.9622 42.0034
26.5753 41.8986
b
40.6961 43.543
40.0031 43.3792
b
45 41.0392
45 41.0886
b
42.8403 41.5789
43.21 41.3011
b
43.6481 40.1255
44.4047 40
b
43.21 41.3011
43.6178 40.9744
b
42.5109 41.4433
42.8403 41.5789
b
41.5316 41.5239
42.5109 41.4433
b
40.6961 43.543
44.1897 42.6253
b
44.6383 42.7489
44.1897 42.6253
b
44.6383 42.7489
45 42.7209
b
43.4608 41.113
45 41.285
b
43.6178 40.9744
43.6481 40.1255
b
48.5839 41.8359
46.4516 41.8969
b
45 41.285
45.0231 41.297
b
46.4516 41.8969
45.0895 42.6966
b
46.4516 41.8969
45.5969 40
b
45 41.0392
45 41.0886
b
45.2125 41.0042
45.2125 41.0042
b
45.5553 40.6653
45.5553 40.6653
b
45.0895 42.6966
45 42.7209
b
55 41.7738
52.44 41.7408
b
55 41.7738
56 41.3283
b
56.5339 41.2984
60 42.2229
b
56.5339 41.2984
56 41.3283
b
60 42.1047
60 42.147
b
60 41.9569
60 42.0025
b
56 41.3283
56 45
b
65 43.6767
62.025 43.4847
b
59.7919 45
62.025 43.4847
b
62.4844 40
60 41.9569
b
60 42.0025
60 42.1047
b
60 42.147
60 42.2229
b
66.0708 42.4239
65 43.6767
b
66.0708 42.4239
70 41.7745
b
68.8123 40
70 40.7542
b
69.494 40
70 40.2183
b
73.9729 40
75 40.4631
b
75 42.9331
70.8839 42.3233
b
70.9709 42.2547
70.8839 42.3233
b
71.275 42.2042
70 41.7745
b
71.275 42.2042
70.3522 40.4275
b
70.7969 40.7256
70.3522 40.4275
b
70.7969 40.7256
70.4653 41.0389
b
70.5844 41.0011
70.5844 41.0011
b
70.4653 41.0389
70 40.7542
b
70.5437 40
70 40.2183
b
70.9819 40.2447
70.6502 40
b
70.9765 40
71.1976 40
b
75 40.4631
80 42.035
b
80 44.7985
80 44.9765
b
80 42.3919
75 42.9331
b
80 44.9765
80.0475 45
b
80.2342 42.1961
80 44.7985
b
80 42.035
80.2342 42.1961
b
80 42.3919
80.2342 42.1961
b
95 44.266
93.2288 45
b
96.383 42.7311
97.1858 42.7956
b
96.383 42.7311
95 44.266
b
99.6222 42.597
100.006 42.6908
b
97.8525 42.6997
99.6222 42.597
b
97.1858 42.7956
97.8525 42.6997
b
105 41.5927
100.006 42.6908
b
108.05 42.4311
105 41.5927
b
110 42.6425
108.05 42.4311
b
110 42.6425
111.785 45
b
112.551 45
114.147 45
b
124.357 40
125 40.4587
b
125.703 40.86
126.554 41.497
b
127.057 41.645
128.05 41.9883
b
125.413 40.6539
125.703 40.86
b
129.014 42.0942
129.301 42.4
b
129.492 42.4
129.561 42.4
b
126.554 41.497
127.057 41.645
b
128.05 41.9883
129.014 42.0942
b
125 40.4587
125.413 40.6539
b
131.283 43.4734
130.604 42.422
b
130.698 42.2922
130 42.9614
b
130.987 44.8581
131.138 44.5561
b
131.494 45
130.987 44.8581
b
131.218 44.3063
131.283 43.4734
b
131.138 44.5561
131.218 44.3063
b
-6.87608 40
-7.31941 38.4869
b
-7.30526 38.472
-7.31941 38.4869
b
-7.30526 38.472
-7.43191 37.2534
b
-5.3458 35.8417
-5.39552 35.9164
b
-5.3447 36.1499
-5.33751 36.1495
b
-2.9147 35.2736
-2.94696 35.3292
b
-2.14706 35
-2.20947 35.0858
b
8.3001 35
8.34527 35.6236
b
8.18334 36.4992
8.62198 36.9414
b
8.34527 35.6236
8.18334 36.4992
b
19.2955 39.8703
19.6628 39.9305
b
19.9272 39.8447
20 39.6749
b
20.3061 39.8122
20.4072 39.8045
b
20.01 39.6911
20.3061 39.8122
b
20.4072 39.8045
20.3946 40
b
25.608 40
25.6761 39.8139
b
26.1186 39.3872
26.4447 39.3986
b
26.6903 39.0755
26.5852 38.8808
b
26.3531 38.7014
26.3058 38.4839
b
26.2191 38.3245
26.2983 38.1122
b
27.0306 37.8394
26.9728 37.6486
b
27.0517 37.5047
27.1786 37.2517
b
27.1514 37.0639
27.3547 36.93
b
27.9133 36.6297
27.7297 36.6414
b
27.3054 36.7655
27.4341 36.563
b
28.1225 36.4914
28.495 36.4692
b
29.2578 36.205
29.5959 36.0297
b
36.1559 35.8184
35.9225 35.927
b
36.3778 36
36.1559 35.8184
b
38.6283 36.7681
38.0239 36.8306
b
40 36.813
38.6283 36.7681
b
38.0239 36.8306
36.6611 36.3111
b
36.3928 36.2336
36.3811 36.2241
b
36.6611 36.3111
36.3928 36.2336
b
36.3742 36.0139
36.3811 36.2241
b
36.3742 36.0139
36.3778 36
b
42.7659 37.3711
43.3603 37.3289
b
42.3558 37.1072
42.7659 37.3711
b
42.2091 37.3197
42.3747 37.062
b
44.0867 37.317
44.7866 37.1481
b
41.6494 37.1111
40 36.813
b
41.3225 35.5506
42.3747 37.062
b
41.2125 35.1239
41.3225 35.5506
b
41.2183 35
41.2125 35.1239
b
44.7785 39.7062
44.813 39.6309
b
45 36.755
44.4536 37.8055
b
44.4711 39.6989
45 39.4173
b
44.4047 40
44.7785 39.7062
b
45 39.7533
44.7785 39.7062
b
43.3603 37.3289
44.0867 37.317
b
44.4536 37.8055
44.1647 39.0117
b
42.2091 37.3197
41.6494 37.1111
b
44.035 39.3775
44.4711 39.6989
b
44.1647 39.0117
44.035 39.3775
b
45.4222 36
45.3411 36
b
45.8804 35
45.5607 36
b
45.3411 36
45.018 36.5311
b
45.4772 38.985
46.1783 38.8411
b
47.1439 39.3242
48.5991 38.417
b
45.018 36.5311
45 36.755
b
46.5403 38.8755
47.1439 39.3242
b
46.1783 38.8411
46.5403 38.8755
b
45.5969 40
46.5403 38.8755
b
45 39.7533
46.1783 38.8411
b
48.5991 38.417
48.8883 38.4425
b
45 39.4173
45.4772 38.985
b
45.52 36.0112
45.4222 36
b
45.52 36.0112
45.5607 36
b
53.9056 37.3508
57.1472 38.255
b
57.975 37.8411
60 37.0499
b
57.1472 38.255
57.975 37.8411
b
61.1092 35
61.2773 35.6074
b
62.7269 35.2575
63.8889 36.0317
b
61.2773 35.6074
61.1572 36.65
b
60 37.0499
61.1572 36.65
b
62.4844 40
65 38.6185
b
64.7444 36.8506
65 37.2137
b
61.4294 35.5547
62.7269 35.2575
b
61.2773 35.6074
61.4294 35.5547
b
63.8889 36.0317
64.7444 36.8506
b
66.4856 37.3402
65.5239 37.2483
b
67.78 37.1858
68.0581 36.9325
b
69.419 37.1962
70 37.5561
b
65 37.2137
65.5239 37.2483
b
69.494 40
70 39.5342
b
66.5378 37.3664
67.78 37.1858
b
68.8123 40
67.442 39.4836
b
67.3661 39.2889
67.442 39.4836
b
67.3661 39.2889
67.78 37.1858
b
65 38.6185
66.5378 37.3664
b
69.3041 37.111
69.419 37.1962
b
66.5378 37.3664
66.4856 37.3402
b
68.0581 36.9325
69.3041 37.111
b
71.5164 35
71.255 36
b
73.8022 38.6664
73.6559 39.4547
b
74.9158 37.2372
75 36.9904
b
74.9158 37.2372
70.2992 37.9972
b
71.255 36
71.1878 36.0395
b
73.643 36.9028
74.5656 37.0278
b
73.6559 39.4547
73.9729 40
b
75 37.5385
74.8653 38.393
b
74.9158 37.2372
75 37.2906
b
74.8653 38.393
73.8022 38.6664
b
70 39.5339
73.6559 39.4547
b
71.775 39.9031
71.775 39.9031
b
71.1976 40
70.9765 40
b
70.5217 39.8884
70.5217 39.8884
b
70.6502 40
70.5437 40
b
70.0627 37.5413
70 37.5561
b
71.1878 36.0395
73.643 36.9028
b
70.2992 37.9972
70.0627 37.5413
b
77.8239 35.5014
77.0425 35.0992
b
77.8239 35.5014
75 36.9904
b
80 35.5105
77.8239 35.5014
b
78.1671 35
77.8239 35.5014
b
77.0425 35.0992
77.0439 35
b
75 37.2906
75 37.5385
b
80.1995 35
80 35.5105
b
124.131 39.8292
124.357 40
b
125 37.6674
124.418 38.0454
b
126.955 38.1545
127.006 38.2291
b
126.689 37.8339
126.955 38.1545
b
126.689 37.8339
125 37.6674
b
127.006 38.2291
127.5 38.3022
b
178.316 20
174.737 21
b
160 21
165.98 21
172 21
174.737 21
b
-5.15226 30.1805
-5.00001 30.4136
b
-5.34814 30
-5.15226 30.1805
b
-1.68664 34.4856
-2.14706 35
b
-1.65833 34.1
-1.68664 34.4856
b
-1.72947 33.7017
-1.65833 34.1
b
-1.25776 32.2289
-1.72947 33.7017
b
-1.39277 32.1047
-1.25776 32.2289
b
-3.0811 31.8039
-1.39277 32.1047
b
-3.79498 31.2347
-3.0811 31.8039
b
-5.00001 30.4136
-3.79498 31.2347
b
8.27098 34.7403
8.30017 35
b
8.1067 34.5328
8.27098 34.7403
b
7.83726 34.4078
8.1067 34.5328
b
7.53803 34.1136
7.83726 34.4078
b
7.72498 33.4194
7.53803 34.1136
b
8.35114 32.5311
7.72498 33.4194
b
9.53724 30.2344
10 30.4858
b
9.53724 30.2344
9.08247 32
b
9.53724 30.2344
9.39152 30.0345
b
9.08247 32
8.35114 32.5311
b
9.39152 30.0345
9.41748 30
b
11.4814 32.8075
11.5261 33.1711
b
11.5158 32.4094
11.4814 32.8075
b
11.1819 32.2617
11.5158 32.4094
b
10.17 31.3153
11.1819 32.2617
b
10 30.4858
10.17 31.3153
b
25 30.7377
24.7819 30
b
25 31.4739
25 30.7377
b
25.1517 31.6469
25 31.4739
b
36.5161 32.3631
37.1528 32.5
b
35.5525 32.3942
35.4128 32.5
b
36.2412 32.5
36.5161 32.3631
b
35.1455 32.5
35.0458 32.3833
b
35.5664 32.5
35.5525 32.3942
b
39.3028 32.2375
40 32.0617
b
35 31.9977
35.0008 31.9853
b
35 32.0719
35 32.016
b
35.0458 32.3833
35 32.2236
b
35 31.8313
35.1084 31.8331
b
35 31.9604
35 31.8589
b
35.0008 31.9853
35 31.9723
b
35 31.821
35.1084 31.8331
b
35 31.9297
35 31.8682
b
35.0008 31.9853
35 31.9839
b
35.2564 31.8081
35.2564 31.8081
b
37.9639 31.7484
37.9867 31.7541
b
37.2023 31.5561
37.9639 31.7484
b
35.1084 31.8331
35 31.6453
b
35.555 31.7617
35.4784 31.4972
b
35.3961 31.4923
35.4784 31.4972
b
35 31.3618
35.3961 31.4923
b
35.4784 31.4972
35.4008 31.2275
b
37.295 31.2172
37.2023 31.5561
b
35.4008 31.2275
35.4261 31.0475
b
35.4051 31.0106
35.4055 30.9775
b
37.5611 30.9511
37.295 31.2172
b
35.4055 30.9775
35.1561 30.4153
b
37.49 30
37.5611 30.9511
b
35.1561 30.4153
35.0944 30
b
35.5433 32.12
35.5586 32.2031
b
35.5433 32.12
35.555 31.7617
b
35.5525 32.3942
35.5586 32.2031
b
39.3028 32.2375
39.0772 32.5022
b
39.1872 32.5
39.3028 32.2375
b
39.1663 32.1314
39.9995 32.0074
b
39.1663 32.1314
39.3028 32.2375
b
37.9867 31.7541
39.1663 32.1314
b
35.4261 31.0475
35.4051 31.0106
b
40.1995 34.0408
41.2183 35
b
40 33.9478
40.1995 34.0408
b
40 32.0617
42.9059 30.7585
b
42.9297 30.7483
43.6081 30
b
42.8173 30.543
39.9995 32.0074
b
42.9059 30.7585
42.9297 30.7483
b
43.5991 30.0011
42.8173 30.543
b
47.6964 31.2561
47.6028 32.1005
b
46.5961 32.84
46.0153 33.4767
b
45.4011 33.9795
45.7725 34.9145
b
48.0676 30.4612
48.4525 30
b
45.7522 33.6372
45.4011 33.9795
b
45.7725 34.9145
45.8804 35
b
48.0676 30.4612
47.6964 31.2561
b
47.6028 32.1005
46.5961 32.84
b
46.0153 33.4767
45.7522 33.6372
b
47.1556 30.0003
47.9445 30.0126
b
48.0149 29.9937
48.1948 30.005
b
47.9445 30.0126
48.0149 29.9937
b
61.0644 34.8142
61.1092 35
b
61.0644 34.8142
61.1042 31.4631
b
61.5573 31.4042
61.0006 30
b
61.1042 31.4631
61.5573 31.4042
b
70 33.7478
69.9064 34.0353
b
66.3142 30
68.1163 31.7572
b
68.8902 31.615
69.3282 31.9395
b
69.9064 34.0353
70 34.0525
b
68.1163 31.7572
68.8902 31.615
b
69.5155 33.0423
70 33.135
b
69.3282 31.9395
69.5155 33.0423
b
70 33.7478
70 33.135
b
73.537 30
73.9706 30.1964
b
74.5158 31.7297
75 32.0652
b
70 34.0525
70.9917 34.5555
b
71.4989 34.9664
71.5164 35
b
75 34.6471
74.1197 33.118
b
74.3297 32.8156
75 32.4697
b
73.9706 30.1964
74.5158 31.7297
b
70.9917 34.5555
71.4989 34.9664
b
74.1197 33.118
74.3297 32.8156
b
79.7056 34.4164
79.943 34.6639
b
79.1839 33.2258
79.2531 32.5161
b
78.9364 33.4081
79.1839 33.2258
b
78.4758 32.243
78.745 31.9103
b
78.9933 31.1308
79.3934 31.1011
b
78.9933 31.1308
80 30.8609
b
79.9497 30.885
80 30.8303
b
75 32.0652
75.3275 32.1728
b
79.2531 32.5161
79.1839 33.2258
b
78.4758 32.243
78.3953 32.5381
b
78.745 31.9103
78.4758 32.243
b
78.8778 31.2917
78.745 31.9103
b
78.9364 33.4081
79.7056 34.4164
b
79.943 34.6639
80 34.6588
b
78.9853 34.35
78.1671 35
b
78.9364 33.4081
78.9853 34.35
b
77.0439 35
75 34.6471
b
75.3272 32.34
75.3275 32.1728
b
78.3953 32.5381
79.2531 32.5161
b
75 32.4697
75.3272 32.34
b
80 30.8609
80.207 30.5755
b
80 30.8303
80.207 30.5755
b
81.0253 30.2044
81.1024 30.0393
b
82.0316 30.3422
82.434 30
b
80.7055 30
80.207 30.5755
b
80 34.6588
80.1995 35
b
81.2771 30.0669
82.0316 30.3422
b
81.1024 30.0393
81.2771 30.0669
b
-13.175 27.6669
-12.8725 27.6667
b
-12.8411 27.6664
-10.0003 27.6644
b
-12.8411 27.6664
-12.8725 27.6667
b
-10 26
-12 25
b
-10.0003 27.6644
-10 27.6664
b
-5.59339 29.8969
-5.34814 30
b
-6.03914 29.833
-6.43004 29.815
b
-8.66664 27.6667
-8.66693 28.7103
b
-10 27.6664
-8.66664 27.6667
b
-8.66664 27.2905
-8.66664 27.6667
b
-8.66693 26.0003
-8.66664 27.2905
b
-10 26
-8.66693 26.0003
b
-8.66664 27.2905
-5.64913 25.5194
b
-6.43004 29.815
-8.66693 28.7103
b
-5.64913 25.5194
-5.00001 25.1212
b
-5.59339 29.8969
-6.03914 29.833
b
-5.00001 25.1212
-4.80566 25
b
9.41748 30
10.0475 25
b
24.7819 30
25 25
b
35 29.6325
34.9625 29.5514
b
34.7547 30
34.8739 29.5502
b
34.9747 29.5769
34.98 29.5458
b
34.8739 29.5502
34.9031 29.487
b
34.9614 29.3608
35 29.3552
b
37.41 29.9856
37.49 30
b
35.0944 30
35 29.6325
b
36.2728 29.3367
37.41 29.9856
b
36.07 29.1889
36.2728 29.3367
b
35 29.3552
36.07 29.1889
b
43.6081 30
43.5911 29.6039
b
44.7145 29.2059
43.5911 29.6039
b
45 29.3093
44.7145 29.2059
b
45 29.0515
44.7145 29.2059
b
43.5991 30.0011
45 29.1833
b
46.5531 29.1012
45 29.3093
b
46.5531 29.1012
45 29.0515
b
48.4167 28.5453
46.5531 29.1012
b
50 28.2247
49.5681 28.6989
b
50 27.8808
50 28.1218
b
45 29.1833
46.4143 29.0628
b
48.5447 29.9628
48.4525 30
b
48.7453 29.8536
48.5447 29.9628
b
46.4143 29.0628
46.5531 29.1012
b
47.6906 28.5397
48.601 28.23
b
47.4609 28.9989
48.2825 28.8599
b
46.5531 29.1012
47.1556 30.0003
b
48.1948 30.005
48.4141 29.8527
b
51.5309 26.9819
50.8905 27.1775
b
50.5247 25.5925
50.8905 27.1775
b
53.0405 25.5289
51.5309 26.9819
b
50.7259 25
50.592 25.4791
b
52.5057 25
53.0405 25.5289
b
52.3504 25
52.4027 25
b
54.0875 25.6378
54.7728 25.79
b
50 28.1218
50 28.2247
b
50.8905 27.1775
50 27.8808
b
55.7864 26.2705
56.8372 25.775
b
56.08 26.0656
56.2698 25.6359
b
63.1409 26.6358
63.2547 27.0211
b
63.1409 26.6358
62.2771 26.3543
b
61.6111 25.1977
62.2771 26.3543
b
61.0006 30
62.4311 29.4214
b
64.4395 29.5625
65 29.5488
b
63.2547 27.0211
60.8664 29.8636
b
62.4311 29.4214
64.4395 29.5625
b
70 27.562
70 26.5939
b
65 29.5488
66.3142 30
b
70 27.562
70.2036 27.8855
b
70.8478 27.7061
73.537 30
b
70.9206 25
70 26.5939
b
70.2036 27.8855
70.8478 27.7061
b
82.434 30
83.655 29.16
b
85 26.8921
83.9239 27.4514
b
82.0553 27.9166
81.0475 28.4054
b
80.5344 28.6818
80.7055 30
b
83.8553 27.3533
83.9239 27.4514
b
84.2369 28.9189
85 28.59
b
83.655 29.16
84.2369 28.9189
b
81.0475 28.4054
80.5344 28.6818
b
82.6761 27.7053
82.0553 27.9166
b
83.8553 27.3533
82.6761 27.7053
b
88.917 27.3208
88.9483 27.3903
b
88.1428 27.8661
88.917 27.3208
b
88.7542 27.1533
88.917 27.3208
b
85 28.59
85.1029 28.3414
b
85.9192 28.0894
86.0572 27.8947
b
89.8167 25.9542
89.8341 25.4483
b
88.4156 25
88.9456 25.1683
b
88.4494 25.6608
88.2861 26.1958
b
89.0309 26.2342
89.465 26.0014
b
88.0233 27.2425
88.0131 27.2122
b
86.9483 26.5308
86.8211 26.4367
b
86.1478 26.6042
85.8128 26.6014
b
85.3556 26.7504
85 26.8921
b
89.9317 25.3028
90 25.2739
b
88.7756 26.2983
89.0309 26.2342
b
89.6872 26.193
89.8167 25.9542
b
88.9456 25.1683
88.4494 25.6608
b
88.2861 26.1958
88.7756 26.2983
b
89.8341 25.4483
89.9317 25.3028
b
89.465 26.0014
89.6872 26.193
b
89.525 28.0761
90 28.3242
b
85.1029 28.3414
85.9192 28.0894
b
87.6827 27.8242
88.1428 27.8661
b
86.0572 27.8947
87.6827 27.8242
b
88.9483 27.3903
89.525 28.0761
b
85.8128 26.6014
85.3556 26.7504
b
86.8211 26.4367
86.1478 26.6042
b
87.6521 26.4001
86.9483 26.5308
b
88.1048 26.5354
87.6521 26.4001
b
88.0131 27.2122
88.1048 26.5354
b
89.3664 26.8595
88.7542 27.1533
b
89.64 26.7675
89.3664 26.8595
b
89.8542 26.7095
89.64 26.7675
b
90 26.737
89.8542 26.7095
b
88.1428 27.8661
88.0233 27.2425
b
90 26.737
90.9639 26.7836
b
92.0814 26.8691
92.1123 26.9203
b
90.11 28.3103
90 28.3242
b
91.6578 27.7647
94.6314 29.3272
b
95 29.1495
95 29.1625
b
94.6314 29.3272
95 29.1277
b
90.2473 25.2019
90 25.2739
b
95 27.8121
92.0814 26.8691
b
94.888 25.5978
95 25.7334
b
94.7148 25
94.6682 25.4438
b
90.46 28.0723
90.11 28.3103
b
90.5622 28.0742
90.46 28.0723
b
91.0095 27.9809
90.5622 28.0742
b
91.4834 27.9896
91.0095 27.9809
b
91.6578 27.7647
91.4834 27.9896
b
90.9639 26.7836
92.0814 26.8691
b
92.0144 27.1625
91.6578 27.7647
b
94.6682 25.4438
94.888 25.5978
b
90.4319 25.148
90.2473 25.2019
b
90.935 25.1586
90.4319 25.148
b
91.6972 25.1383
90.935 25.1586
b
92.4092 25.0258
91.6972 25.1383
b
92.412 25
92.4092 25.0258
b
92.1123 26.9203
92.0144 27.1625
b
95 29.1625
95.8883 29.3975
b
95 29.1241
95 29.1495
b
95.8883 29.3975
97.3489 28.2227
b
97.0467 27.7497
95 27.8121
b
97.3489 28.2227
98.1361 28.1564
b
97.385 27.9975
97.3489 28.2227
b
95.465 26.7361
97.0597 27.093
b
97.1475 27.1081
97.0467 27.7497
b
98.1606 25.5911
98.7033 25.8483
b
98.7475 26.4572
98.7759 26.7972
b
98.2633 27.6969
98.1361 28.1564
b
95 25.7334
95.465 26.7361
b
97.0597 27.093
97.1475 27.1081
b
97.0467 27.7497
97.385 27.9975
b
98.7759 26.7972
98.2633 27.6969
b
98.7033 25.8483
98.7475 26.4572
b
97.7248 25
98.1606 25.5911
b
140 20
146.011 21
b
156.399 21
151.266 21
146.195 21
146.011 21
b
156.399 21
160 21
b
-12 23.4546
-12 25
b
-12.5975 23.2761
-12 23.4546
b
-13.0123 21.5272
-12.5975 23.2761
b
-12.9997 21.3381
-13.0123 21.5272
b
-14.3036 21.3417
-12.9997 21.3381
b
-15.7419 21.3383
-14.3036 21.3417
b
-17.0523 20.7641
-15.7419 21.3383
b
-6.44192 23.8789
-6.3564 23.1456
b
-6.33587 22.9903
-6.3564 23.1456
b
-5.98964 20
-6.33587 22.9903
b
-6.45636 24.0003
-6.44192 23.8789
b
-6.57723 24.9991
-5.00001 25
b
-6.4901 24.2784
-6.45636 24.0003
b
-6.57723 24.9991
-6.4901 24.2784
b
-3.23387 24.0006
-0.022368 21.8407
b
-5.00001 25
-3.23387 24.0006
b
-0.022368 21.8407
1.17195 21.0991
b
1.19725 21.0025
1.17195 21.0991
b
1.29692 20.7428
1.19725 21.0025
b
2.7172 20
1.29692 20.7428
b
9.74281 22.2264
10 22.3776
b
9.70724 22.205
9.74281 22.2264
b
9.66331 22.1794
9.70724 22.205
b
9.64608 22.1692
9.66331 22.1794
b
9.51722 22.0928
9.64608 22.1692
b
9.46999 22.0653
9.51722 22.0928
b
7.41747 20.823
9.46999 22.0653
b
6.88554 20.3756
7.41747 20.823
b
6.45394 20
6.88554 20.3756
b
11.7261 24
11.9864 23.5223
b
14.9977 23.0005
15 23.0016
b
11.9864 23.5223
14.9977 23.0005
b
10.3589 22.5875
11.9864 23.5223
b
10.3403 22.5764
10.3589 22.5875
b
10 22.3776
10.3403 22.5764
b
14.9977 23.0005
15 22.9906
b
10.0475 25
11.7261 24
b
15 23.0016
17.6872 22.6664
b
15 22.9906
15.1545 22.2027
b
17.6872 22.6664
20 21.5493
b
20 20.5401
15.1545 22.2027
15.7929 20
b
25 20
24 20
b
20 21.5493
23.0545 20
b
21.2606 20
20 20.5401
b
28.2329 22
30 22
b
27.3852 22
28.2329 22
b
25 22
27.3852 22
b
25 22
25 20
b
25 22.9848
25 22
b
25 23.6911
25 23.3633
b
25 25
25 23.6911
b
32.2765 22
33.1793 22
b
31.4961 22
32.2765 22
b
30 22
31.32 22.08
b
34.1005 22
35 22.8401
b
33.1793 22
35 22
b
33.5717 21.7227
34.1005 22
b
33.1793 22
33.5717 21.7227
b
31.32 22.08
31.4961 22
b
35 22.8401
35.6308 23.133
b
35 22
36.8886 22
b
50.8308 24.75
50.7259 25
b
50.8636 24.6936
50.8308 24.75
b
52.4027 25
52.5057 25
b
51.4725 24.6461
52.3504 25
b
51.1114 24.5561
51.2153 24.6209
b
51.1114 24.5561
50.8636 24.6936
b
55 22.6471
51.5782 24.2559
b
56.3389 24.9694
56.3736 24.9794
b
56.3391 24.9261
56.3389 24.9694
b
55.9766 24.9819
56.0509 24.8661
b
56.2806 24.8572
56.3391 24.9261
b
56.1889 24.825
56.2806 24.8572
b
56.0509 24.8661
56.1889 24.825
b
55.82 24.7017
55.9766 24.9819
b
55.82 24.7017
55.2083 22.7083
b
55 22.6471
55 20
b
68.1353 23.6483
68.1978 23.7667
b
70 24.1728
69.6933 24.1936
b
69.2284 24.2688
69.6933 24.1936
b
68.1978 23.7667
69.2284 24.2688
b
70.12 24.3092
71.087 24.6875
b
70.12 24.3092
70.0708 24.1981
b
71.087 24.6875
70.9206 25
b
70 24.1697
70.0708 24.1981
b
88.7367 23.9667
88.735 24.1857
b
88.9425 22.635
89.063 22.1155
b
89.1353 21.6278
89.063 22.1155
b
88.3239 24.4344
88.4156 25
b
88.735 24.1857
88.3239 24.4344
b
88.6278 23.5942
88.7367 23.9667
b
88.7572 23.368
88.6278 23.5942
b
88.9261 23.2186
88.7572 23.368
b
88.8936 22.94
88.9261 23.2186
b
88.9425 22.635
88.8936 22.94
b
93.1666 22.192
93.0986 22.7908
b
92.2619 21.0544
92.3872 20.5539
b
92.2836 23.5995
92.2682 23.7196
b
91.7083 22.9908
92.0581 23.6489
b
91.9467 24.3494
91.6508 24.2039
b
91.9467 24.3494
92.1589 24.5384
b
92.4108 24.9853
92.412 25
b
92.2836 23.5995
92.387 23.28
b
92.4747 24.8667
92.3789 24.8528
b
92.6008 21.9822
92.387 23.28
b
92.4108 24.9853
92.4747 24.8667
b
92.6695 21.2969
92.6206 21.8901
b
94.1347 23.8436
94.5825 24.7114
b
92.9986 22.0314
93.1666 22.192
b
94.6259 24.8195
94.7148 25
b
92.2619 21.0544
92.1972 21.1604
b
92.4389 21.3703
92.6695 21.2969
b
92.6008 21.9822
92.9986 22.0314
b
93.0986 22.7908
93.4333 23.6789
b
94.5825 24.7114
94.6259 24.8195
b
93.3281 24.0361
93.4333 23.6789
b
93.3281 24.0361
94.1347 23.8436
b
92.2682 23.7196
92.175 23.7369
b
92.2456 24.8733
92.3789 24.8528
b
92.6206 21.8901
92.6008 21.9822
b
91.572 22.9775
91.7083 22.9908
b
91.3542 23.0841
91.572 22.9775
b
91.1622 23.6631
91.3542 23.0841
b
91.3092 23.9986
91.1622 23.6631
b
91.6508 24.2039
91.3092 23.9986
b
92.0581 23.6489
92.175 23.7369
b
92.1589 24.5384
92.2456 24.8733
b
92.1972 21.1604
92.4389 21.3703
b
99.6564 20.3197
100 20.4054
b
99.2483 22.3219
99.3831 22.5
b
99.5159 20.1455
99.6564 20.3197
b
99.0412 20
99.1531 20.1231
b
100 21.6974
99.2483 22.3219
b
99.1531 20.1231
99.5159 20.1455
b
100.459 21.4867
100.213 21.4325
b
100 20.4054
100.091 20.3486
b
100.213 21.4325
100 21.6974
b
100.459 21.4867
101.148 21.5725
b
101.782 22.5
102.141 22.3964
b
102.921 22.5
103.083 22.5
b
102.141 22.3964
102.278 22.5
b
103.964 22.5
103.968 22.5
b
100.538 20.9725
101.148 21.5725
b
103.36 20.8022
104.552 20.5169
b
104.976 20
104.552 20.5169
b
101.761 22.5
101.65 22.3475
b
100.618 20.8408
100.538 20.9725
b
100.575 20.1625
100.544 20
b
103.282 20.8389
103.36 20.8022
b
101.733 21.1394
101.849 21.2394
b
101.148 21.5725
101.733 21.1394
b
101.849 21.2394
101.65 22.3475
b
102.141 22.3964
103.282 20.8389
b
100.091 20.3486
100.575 20.1625
b
100.091 20.3486
100.618 20.8408
b
107.989 21.5431
108.119 21.4492
b
106.557 22.415
106.577 22.5
b
107.363 21.6053
106.557 22.415
b
107.989 21.5431
107.363 21.6053
b
114.034 22.5089
114.222 22.55
b
113.532 22.1948
113.554 22.2128
b
113.853 22.2586
113.86 22.4628
b
114.499 22.4495
113.834 22.1981
b
113.532 22.1948
113.554 22.2128
b
114.499 22.4495
114.222 22.55
b
114.034 22.5089
113.86 22.4628
b
113.853 22.2586
113.834 22.1981
b
-16.5278 16.0603
-15 16.6799
b
-14.8618 16.6393
-13.6987 16.1671
b
-15 16.6799
-14.9581 16.6725
b
-10.7106 15.4442
-10.7162 15.4398
b
-10.7106 15.4442
-10 15.3743
b
-13.6987 16.1671
-12.782 15.1489
b
-10.7162 15.4398
-10.8997 15.1069
b
-11.7117 15.5453
-10.8997 15.1069
b
-12.6861 15.088
-12.782 15.1489
b
-12.4736 15
-12.6861 15.088
b
-11.7117 15.5453
-11.7978 15
b
-14.9581 16.6725
-14.8618 16.6393
b
-8.505 15.5008
-6.30807 15.5028
b
-5.49497 15.4984
-5.98964 20
b
-9.18471 15.4984
-8.99051 15.4984
b
-6.30807 15.5028
-5.49497 15.4984
b
-9.72191 15.4158
-9.18471 15.4984
b
-10 15.3743
-9.72191 15.4158
b
-8.99051 15.4984
-8.505 15.5008
b
-0.723045 15.0825
-0.443625 15.0827
b
-0.820072 15
-0.723045 15.0825
b
-0.443625 15.0827
-0.016795 15
b
4.24528 19.1467
5.00001 19.2914
b
3.79021 19.0626
2.7172 20
b
4.24499 18.6453
4.24528 19.1467
b
4.24667 18.0004
4.24499 18.6453
b
4.25114 17.2919
4.25085 17.3647
b
4.20084 16.4203
4.25114 17.2919
b
3.88196 15.7066
4.20084 16.4203
b
3.30691 15.3925
3.88196 15.7066
b
0.999458 15
3.30691 15.3925
b
0.51029 15
0.515057 15
b
0.230063 15
0.237764 15
b
4.24528 19.1467
3.79021 19.0626
b
4.25085 17.3647
4.24667 18.0004
b
5.00001 19.2914
6.45394 20
b
13.8408 15
15 16.3941
b
15.7929 20
15.5236 17.3331
b
15.4853 16.898
15.5236 17.3331
b
15 16.3941
15.4853 16.898
b
24 20
24 19.5007
b
23.0545 20
24 19.5007
b
24 18.7543
24 19.5007
b
24 18.7543
21.2606 20
b
24 15.6986
24 18.7543
b
24 15.6986
22.7743 15
b
37.51 17.3155
38.6008 17.995
b
37.4234 17.0341
37.51 17.3155
b
36.4433 15.15
37.4234 17.0341
b
36.4589 15
36.4433 15.15
b
43.6386 17.4697
43.3458 17.4767
b
44.4986 17.3928
43.6386 17.4697
b
43.3458 17.4767
42.7897 16.3775
b
45 17.1944
44.4986 17.3928
b
48.0406 17.4777
50 18.5461
b
46.3331 15.6169
47.3753 16.7516
b
46.3331 15.8604
45.2779 17.0847
b
45.5142 15
46.3331 15.6169
b
47.3753 16.7516
48.0406 17.4777
b
46.3331 15.6169
46.3331 15.8604
b
45.2779 17.0847
45 17.1944
b
52 19
51.8799 18.5787
b
50 18.5461
51.4075 18.8664
b
51.8799 18.5787
53.0894 16.6308
b
52 19
53.1129 16.6418
b
52 19
55 20
b
51.4075 18.8664
52 19
b
97.36 18.583
97.6975 17.828
b
98.5817 16.0589
98.32 17.0764
b
98.6228 19.7128
99.0412 20
b
98.2071 15.2286
98.5817 16.0589
b
97.9239 17.5689
97.6975 17.828
b
98.2145 15
98.2071 15.2286
b
98.32 17.0764
97.9239 17.5689
b
97.36 18.583
98.6228 19.7128
b
101.075 17.5
101.19 17.5
b
104.98 16.2889
105 16.2677
b
104.718 17.5
104.98 16.2889
b
105 16.2677
105.43 16.0006
b
105.6 15.4367
105.593 15
b
106.434 17.0114
105.627 17.9875
b
105.195 18.6193
105 18.7405
b
105.43 16.0006
105.6 15.4367
b
106.558 16.9593
106.434 17.0114
b
107.149 16.2331
107.091 16.3019
b
105.627 17.9875
105.335 18.1847
b
106.555 16.9287
107.126 17.0607
b
106.555 16.8939
107.118 17.0121
b
106.556 16.8625
107.139 16.994
b
106.555 16.9287
106.558 16.9593
b
107.682 15.2264
107.518 15.4258
b
107.475 16.0272
107.149 16.2331
b
107.478 15
107.682 15.2264
b
107.518 15.4258
107.475 16.0272
b
107.091 16.3019
106.987 16.2997
b
106.556 16.8625
106.555 16.9287
b
106.987 16.2997
106.556 16.8625
b
105.335 18.1847
105.195 18.6193
b
118.953 11.9467
118.529 10.9195
b
110.334 12.2005
110.07 11.266
b
136.019 9.8141
136.832 5.09109
b
141.002 0.00418
140.999 0
b
146 14
140.733 14
140 20
b
141.003 0
147.122 2.00002
148.704 7.11604
143.885 10.5485
146 14
b
141.002 0.00418
141.003 0
b
159.513 0
153.177 0.001687
147.128 0.003594
141.052 0.00418
141.002 0.00418
b
179 4.00003
179.995 2.6696
b
178.316 20
179 13.9328
179 8.91592
179 4.00003
b
169 0
173.6 4.00003
178.733 4.00003
179 4.00003
b
-15.4842 13.6408
-15 13.799
b
-16.5656 13.59
-15.4842 13.6408
b
-15 13.4997
-16.7508 13.06
b
-15 12.683
-16.7178 12.3225
b
-15.0672 10.9154
-15 10.9717
b
-10.6544 11.8929
-10.3305 12.2218
b
-14.0747 11.6431
-13.9711 12.1547
b
-14.4314 11.5592
-14.0747 11.6431
b
-15 10.9717
-14.4314 11.5592
b
-12.2447 14.7645
-12.4736 15
b
-11.7978 15
-12.2447 14.7645
b
-12.2064 14.3953
-12.2447 14.7645
b
-12.2064 14.3953
-12.0822 13.7083
b
-15 13.799
-13.8694 13.5095
b
-14.5478 13.3358
-15 13.4997
b
-13.8694 13.5095
-14.5478 13.3358
b
-14.3417 12.6789
-14.8745 12.6819
b
-13.7131 12.6772
-14.3417 12.6789
b
-13.3566 12.6653
-13.7131 12.6772
b
-13.3044 12.6511
-13.3566 12.6653
b
-14.8745 12.6819
-15 12.683
b
-11.3583 12.4756
-12.0822 13.7083
b
-11.3583 12.4756
-11.3731 12.4078
b
-12.5828 12.3636
-13.3044 12.6511
b
-11.3731 12.4078
-12.5828 12.3636
b
-13.6955 12.2931
-13.7131 12.6772
b
-13.6955 12.2931
-13.9711 12.1547
b
-11.3731 12.4078
-11.4495 12.1303
b
-10.3305 12.2218
-10 12.1237
b
-11.4495 12.1303
-10.6544 11.8929
b
-8.74497 11.6336
-8.70859 11.6589
b
-8.79696 12.0064
-8.74497 11.6336
b
-8.70859 11.6589
-8.35972 11.3714
b
-5.4561 10.7217
-5.40219 11.83
b
-5.46446 10.6425
-5.4561 10.7217
b
-6.24332 10.7353
-6.64778 10.665
b
-5.46446 10.6425
-5.78224 10.4264
b
-6.69002 10.3403
-6.65628 10.354
b
-7.72446 10.3869
-7.75416 10.2945
b
-6.19726 10.2364
-6.22417 10.2555
b
-5.78224 10.4264
-6.19726 10.2364
b
-7.97389 10.1655
-8.60555 10.9683
b
-7.75416 10.2945
-7.97389 10.1655
b
-6.69002 10.3403
-7.72446 10.3869
b
-7.97389 10.1655
-8.13303 10.0106
b
-8.13706 10
-8.13303 10.0106
b
-5.51998 10.4364
-5.00001 10.0654
b
-9.31166 12.5047
-9.08475 12.4375
b
-9.34444 12.2506
-9.31166 12.5047
b
-9.08475 12.4375
-8.97943 12.2233
b
-10 12.1237
-9.34444 12.2506
b
-8.79696 12.0064
-8.97943 12.2233
b
-6.64778 10.665
-6.65628 10.354
b
-5.40219 11.83
-5.00001 11.9851
b
-8.35972 11.3714
-8.60555 10.9683
b
-6.24332 10.7353
-6.22417 10.2555
b
-4.63361 12.0669
-5.00001 11.9851
b
0 11.109
-0.149757 11.1386
b
-1.41969 11.0264
-2.83417 11.002
b
-0.679702 10.9978
-1.41969 11.0264
b
-0.149757 11.1386
-0.679702 10.9978
b
-2.83417 11.002
-2.92753 10.708
b
0 11.0971
-0.149757 11.1386
b
-0.081919 10.7025
0 10.9618
b
0 10.6061
-0.081919 10.7025
b
-2.92753 10.708
-2.77257 10
b
-5.00001 10.0654
-4.9794 10
b
-0.016795 15
0 14.9943
b
-1.0453 14.8033
-0.820072 15
b
-1.98418 14.4103
-1.0453 14.8033
b
-2.10364 14.1528
-1.98418 14.4103
b
-2.95525 13.6261
-2.10364 14.1528
b
-3.1925 13.6806
-2.95525 13.6261
b
-3.96417 13.5039
-3.78581 13.3591
b
-3.44053 13.2741
-3.1925 13.6806
b
-3.43775 13.1664
-3.44053 13.2741
b
-3.78581 13.3591
-3.43775 13.1664
b
-4.46889 12.7239
-3.96417 13.5039
b
-4.63361 12.0669
-4.46889 12.7239
b
2.3208 12
2.39803 11.8961
b
3.60444 11.6933
3.6714 12
b
3.60444 11.6933
3.5592 11.7575
b
2.31361 11.6789
2.39803 11.8961
b
3.5922 11.6784
3.60444 11.6933
b
2.31361 11.6789
1.42864 11.4514
b
3.73587 11.1206
3.5922 11.6784
b
0.218916 11.0642
0 11.109
b
1.42864 11.4514
0.218916 11.0642
b
0.918053 10.9964
0.802251 10.7125
b
0 10.9618
0 11.0971
b
0 10.9222
0 10.9239
b
0.120569 10.5217
0 10.6061
b
0.381654 10.2744
0.120569 10.5217
b
0.802251 10.7125
1.17246 10.1086
b
0.381654 10.2744
0.400282 10.0305
b
1.17246 10.1086
1.34782 10
b
0.400282 10.0305
0.352759 10
b
3.64031 10.0866
3.73587 11.1206
b
0.515057 15
0.999458 15
b
0.237764 15
0.515057 15
b
0.230063 15
0.234977 14.915
b
0 14.9943
0.23307 14.4256
b
4.62612 13.7219
5.00001 13.7336
b
0.23307 14.4256
2.04167 12.7172
b
2.83864 12.3966
3.5592 11.7575
b
2.04167 12.7172
2.3208 12
b
2.39803 11.8961
2.83864 12.3966
b
3.6714 12
4.62612 13.7219
b
3.62029 10
3.64031 10.0866
b
5.00001 13.7336
6.28277 13.6839
b
8.2514 13.2175
8.43247 13.0639
b
6.28277 13.6839
8.2514 13.2175
b
8.43247 13.0639
9.01111 12.8469
b
9.635 12.8025
10 13.1786
b
9.01111 12.8469
9.635 12.8025
b
13.6153 14.5164
13.8408 15
b
13.4825 14.342
13.6153 14.5164
b
13.5622 13.9933
13.4825 14.342
b
13.625 13.7184
13.5622 13.9933
b
13.3478 13.72
13.625 13.7184
b
13.3236 13.6794
13.3478 13.72
b
13.625 13.7184
14.0747 13.0817
b
10.6447 13.3747
12.4111 13.0758
b
14.5008 13.0014
14.0747 13.0817
b
14.5567 12.8289
14.5008 13.0014
b
10 13.1786
10.6447 13.3747
b
14.0747 13.0817
14.1881 12.445
b
14.6742 12.1508
14.1881 12.445
b
15 12.1067
14.5567 12.8289
b
14.6742 12.1508
13.2616 10
b
12.4111 13.0758
13.3236 13.6794
b
15.0453 12.0836
15 12.1067
b
15.0261 11.0794
15.0453 12.0836
b
15.6667 10
15.0261 11.0794
b
22.7743 15
21.8284 12.8014
b
22.7625 10.9533
22.3642 10.955
b
22.8794 10.9228
22.7625 10.9533
b
21.8284 12.8014
22.8794 10.9228
b
22.3642 10.955
21.3994 10
b
22.8794 10.9228
23.5875 10
b
34.9789 11.2239
35 11.3412
b
35 11.205
34.9789 11.2239
b
34.2253 10
35 11.159
b
36.5425 14.2605
36.4589 15
b
36.1428 12.7069
36.5425 14.2605
b
35.6995 12.6659
36.1428 12.7069
b
35.2653 11.9336
35.6995 12.6659
b
35 11.3412
35.2653 11.9336
b
35 11.159
35 11.205
b
36.5425 14.2605
39.2269 14.4344
b
39.6139 14.5103
39.2269 14.4344
b
39.9914 14.465
39.6139 14.5103
b
40 14.4628
39.9914 14.465
b
43.2055 11.3978
43.2492 11.4694
b
41.8089 11.275
42.025 11.9264
b
41.8031 11.0989
41.8089 11.275
b
41.8006 11.0311
41.8031 11.0989
b
42.9441 11.0025
43.2055 11.3978
b
42.9441 11.0025
41.8006 11.0311
b
43.0412 10
42.9441 11.0025
b
44.8486 13.9159
45 13.8743
b
44.8486 13.9159
43.5278 12.6897
b
42.3998 12.4697
43.1214 12.7083
b
42.025 11.9264
42.3998 12.4697
b
40.1283 14.4692
40 14.4628
b
40.2281 14.4436
40.1283 14.4692
b
40.65 14.1883
40.2281 14.4436
b
41.8439 13.0986
40.65 14.1883
b
41.8439 13.0986
42.2789 12.6275
b
42.3069 12.5753
42.3998 12.4697
b
42.3069 12.5753
42.2789 12.6275
b
45.5142 15
45.1139 13.8917
b
45 13.8743
45.1139 13.8917
b
98.5902 10
98.7426 10.3487
b
99.1972 13.3136
99.1739 13.7278
b
98.2161 14.9939
98.2145 15
b
98.7426 10.3487
99.1972 13.3136
b
99.1739 13.7278
98.2161 14.9939
b
104.087 10.1686
104.087 10.1686
b
103.897 10.0319
104.445 10.4225
b
102.788 12.4159
102.729 12.5
b
102.916 11.6358
102.788 12.4159
b
104.716 10.5286
105 10.6628
b
104.702 10.5311
104.716 10.5286
b
104.445 10.4225
104.702 10.5311
b
105.085 10.9405
105.194 10.9053
b
105.619 10.9661
106.209 10.97
b
105.819 11.5938
105.816 11.6175
b
106.459 11.6664
106.421 11.9658
b
107.046 12.1344
107.199 12.2903
b
107.394 12.2924
107.583 12.5
b
105.524 10.9459
105.619 10.9661
b
105.204 10.9003
105.524 10.9459
b
105 10.6628
105.05 10.9069
b
106.421 11.9658
106.789 12.0736
b
105.816 11.6175
106.459 11.6664
b
106.209 10.97
105.819 11.5938
b
105.05 10.9069
105.085 10.9405
b
105.194 10.9053
105.204 10.9003
b
106.979 12.0848
107.046 12.1344
b
106.789 12.0736
106.979 12.0848
b
107.199 12.2903
107.394 12.2924
b
-11.4817 9.99752
-12.9022 9.27059
b
-10.5717 9.05944
-11.4817 9.99752
b
-10.5717 9.05944
-10.5772 9.04111
b
-12.9022 9.27059
-13.2956 9.03224
b
-10 8.44318
-10.6997 8.27303
b
-10.5772 9.04111
-10.6997 8.27303
b
-10.5997 7.7725
-10.2667 8.48814
b
-10.5997 7.7725
-11.4922 6.9272
b
-8.1111 9.80889
-8.1375 10
b
-8.13809 9.49837
-8.1111 9.80889
b
-8.13809 9.49837
-7.73641 9.0725
b
-9.77501 8.56888
-10 8.44318
b
-7.73641 9.0725
-7.64665 8.37835
b
-8.24333 8.44281
-7.64665 8.37835
b
-9.48363 8.34696
-9.77501 8.56888
b
-9.5239 8.31806
-9.48363 8.34696
b
-9.43054 8.06028
-9.5239 8.31806
b
-8.24333 8.44281
-8.08052 7.80528
b
-9.35404 7.74236
-9.43054 8.06028
b
-8.57335 7.69249
-8.67082 7.69777
b
-8.55165 7.69168
-8.57335 7.69249
b
-8.55751 7.62252
-8.55165 7.69168
b
-8.46973 7.56136
-8.55751 7.62252
b
-8.67082 7.69777
-8.71915 7.56084
b
-8.08052 7.80528
-8.44413 7.53723
b
-9.30527 7.41747
-9.48525 7.36195
b
-9.35404 7.74236
-9.48525 7.36195
b
-9.10975 7.19364
-9.30527 7.41747
b
-8.71915 7.56084
-9.10975 7.19364
b
-8.44413 7.53723
-8.60636 6.50777
b
-8.38194 6.44368
-8.60636 6.50777
b
-8.38194 6.44368
-7.52527 4.35279
b
-2.77257 10
-2.7447 9.65305
b
-3.89083 9.89418
-4.31187 9.60024
b
-4.9794 10
-4.31187 9.60024
b
-2.7447 9.65305
-3.89083 9.89418
b
-2.68559 9.48195
-2.58482 8.78083
b
-2.68581 8.01114
-2.58482 8.78083
b
-2.7422 7.9389
-2.68581 8.01114
b
-2.855 7.74192
-2.7422 7.9389
b
-3.09636 7.05055
-2.855 7.74192
b
-3.16808 6.25637
-3.22748 6.77333
b
-2.96031 5.6272
-3.16808 6.25637
b
-2.96031 5.6272
-2.92804 5.10026
b
-3.10222 5.10943
-2.92804 5.10026
b
-3.10303 5.085
-3.10222 5.10943
b
-3.22748 6.77333
-3.09636 7.05055
b
1.34782 10
1.36417 9.48136
b
0.352759 10
0.228083 9.43222
b
1.36417 9.48136
1.45174 9.28144
b
2.78584 9.06054
3.62029 10
b
0.511097 8.84251
0.228083 9.43222
b
0.493642 8.80613
0.511097 8.84251
b
2.78584 9.06054
2.74308 8.77086
b
0.382754 8.76081
0.493642 8.80613
b
1.45174 9.28144
1.62526 8.58722
b
2.74308 8.77086
2.75342 8.53595
b
1.62526 8.58722
1.61697 8.3672
b
0.623085 7.89666
0.382754 8.76081
b
2.75342 8.53595
2.68192 7.89358
b
2.70304 7.86498
2.68192 7.89358
b
2.73304 7.65831
2.70304 7.86498
b
1.61697 8.3672
1.64389 7.40969
b
0.65308 7.36972
0.623085 7.89666
b
1.64389 7.40969
1.57693 6.90916
b
0.535298 6.82504
0.65308 7.36972
b
0.535298 6.82504
0.684689 6.58918
b
1.57693 6.90916
1.65555 6.57055
b
0.724732 6.53557
0.684689 6.58918
b
2.71969 6.45226
2.73304 7.65831
b
2.71969 6.36557
2.71969 6.45226
b
1.65555 6.57055
1.63552 6.2186
b
1.10001 6.1603
0.724732 6.53557
b
1.19887 6.10052
1.10001 6.1603
b
9.00642 5.90999
8.51777 4.68164
b
10 2.16987
9.81168 2.34361
b
10 1.00188
9.54274 0.97555
b
10 6.88202
9.00642 5.90999
b
14.4144 6.0442
14.6775 5.00001
b
14.1948 9.98168
15 9.95366
b
13.2616 10
12.2456 8.17725
b
15 8.67361
14.1948 9.98168
b
12.2456 8.17725
11.8651 7.405
b
11.0192 6.77861
10.5961 7.13416
b
15 6.74202
14.938 6.68635
b
10.5961 7.13416
10 6.88202
b
11.2023 6.43693
11.0192 6.77861
b
11.8651 7.405
11.2023 6.43693
b
14.938 6.68635
14.4144 6.0442
b
19.282 5.02611
19.2282 5.00001
b
15.6817 9.98974
15.6667 10
b
15 9.95366
15.6817 9.98974
b
20 9.10161
18.8836 8.83554
b
19.06 8.58142
18.8836 8.83554
b
19.06 8.58142
17.7078 7.98723
b
15.2278 8.42998
15 8.67361
b
17.2372 7.80308
17.7078 7.98723
b
15.58 7.76025
15.505 7.77279
b
16.4061 7.67774
16.5666 7.87341
b
16.8175 7.54639
17.2372 7.80308
b
16.8175 7.54639
16.5666 7.87341
b
15.4989 7.52667
15.58 7.76025
b
16.4061 7.67774
15 6.74202
b
19.8586 5.0608
19.8928 5.00001
b
19.282 5.02611
19.8586 5.0608
b
15.505 7.77279
15.2278 8.42998
b
24.6128 5.00001
24.4761 5.09835
b
24.3142 5.00001
24.2939 5.00001
b
24.4761 5.09835
24.3287 5.00001
b
21.3994 10
20.8169 9.41558
b
23.5875 10
23.473 9.1297
b
20.8169 9.41558
20 9.10161
b
23.473 9.1297
25 7.97587
b
26.7561 5.99998
25.667 5.30223
b
25.1598 5.00001
25.1192 5.00001
b
25.667 5.30223
25.1914 5.00001
b
27.4553 5.01636
27.4806 5.00001
b
25 7.97587
26.7561 5.99998
b
35 5.85741
34.9878 6.01391
b
34.0942 9.45474
34.2253 10
b
34.1228 8.58472
34.0942 9.45474
b
33.7756 8.365
34.1228 8.58472
b
33.7756 8.365
33.2044 8.43386
b
33.034 7.99999
33.2044 8.43386
b
34.2236 7.04249
33.034 7.99999
b
34.7539 6.61778
34.2236 7.04249
b
34.9878 6.01391
34.7539 6.61778
b
35.8217 5.32864
35 5.85741
b
35.7742 5.00001
35.8217 5.32864
b
35.2688 5.00001
35.3429 5.00001
b
43.2597 9.6892
43.0412 10
b
45 8.6794
43.2597 9.6892
b
45 8.6794
47 8.00461
b
45.4894 5.48983
46.1489 6.19777
b
45.0414 5.00001
45.4894 5.48983
b
47.986 7.99999
47.7777 7.80139
b
46.1489 6.19777
47.7777 7.80139
b
47 8.00461
47.986 7.99999
b
99.4622 6.42138
100 6.43436
b
97.9389 9.53747
98.5902 10
b
100 6.43436
100.127 6.42497
b
109.649 2.07335
110 1.28585
b
104.095 1.31115
103.603 1.27837
b
100.127 6.42497
100.204 6.70946
b
100.848 6.29803
100.995 5.77974
b
101.699 5.76111
102.095 6.23613
b
100.204 6.70946
100.848 6.29803
b
100.995 5.77974
101.699 5.76111
b
108.238 7.09118
108.295 5.98018
b
115.029 4.82025
115.146 4.90335
b
114.095 4.59056
114.83 4.30945
b
110 1.28585
114.106 1.46391
b
114.206 1.42475
115.661 4.11092
b
116.716 4.34802
117.904 4.17414
b
117.965 6.82665
119 4.38249
b
116.999 7.66557
117.965 6.82665
b
119 4.38249
119.999 4.38117
b
114.106 1.46391
114.206 1.42475
b
114.83 4.30945
114.786 4.74486
b
115.661 4.11092
116.716 4.34802
b
114.786 4.74486
115.018 4.89586
b
116.285 7.99999
115.55 7.15704
b
112.877 3.75648
111.784 3.44779
b
126.392 5.46747
124.401 4.98167
b
14.6775 5.00001
15 4.42356
b
12.3356 2.31779
11.3678 2.30364
b
12.5756 2.27474
12.3356 2.31779
b
11.3678 2.30364
10 2.16987
b
12.5756 2.27474
13.2939 2.16364
b
13.662 2.16055
13.2939 2.16364
b
14.5697 2.2039
13.662 2.16055
b
14.5697 2.2039
15 2.01417
b
13.2939 2.16364
13.1866 1.22248
b
14.2361 1.36337
13.1866 1.22248
b
11.3397 2.16862
10 1.00188
b
14.2361 1.36337
13.9376 0
b
19.2282 5.00001
19.1064 4.93253
b
15 4.42356
15.1903 4.0469
b
19.1064 4.93253
18.6107 3.86692
b
15.1903 4.0469
15.2672 3.66693
b
18.6107 3.86692
16.5678 3.40086
b
15.2672 3.66693
15.9389 3.10611
b
18.6233 3.47948
18.5394 3.07553
b
16.5678 3.40086
16.4414 2.71998
b
15.9389 3.10611
16.117 2.70693
b
18.4025 2.73113
18.2216 2.42971
b
16.4414 2.71998
16.2069 2.22143
b
16.117 2.70693
16.0716 1.65276
b
15 2.01417
16.0716 1.65276
b
18.2216 2.42971
17.7653 0
b
18.4428 2.86211
18.5394 3.07553
b
20 4.97742
19.8928 5.00001
b
18.4428 2.86211
18.4025 2.73113
b
25 4.97888
24.6128 5.00001
b
23.1461 4.72697
22.7293 4.62627
b
24.2939 5.00001
23.1461 4.72697
b
24.3287 5.00001
24.3142 5.00001
b
20.4533 4.52309
20 4.97742
b
22.7293 4.62627
22.4536 4.14466
b
22.0378 4.22526
20.4533 4.52309
b
22.4536 4.14466
22.0378 4.22526
b
25.1192 5.00001
25 4.97918
b
25.1914 5.00001
25.1598 5.00001
b
28.4033 4.27777
29.1711 4.37751
b
27.4806 5.00001
28.4033 4.27777
b
29.1711 4.37751
30 4.22489
b
29.9867 0.846694
30 0.853881
b
29.965 0.83386
29.9867 0.846694
b
29.965 0.83386
29.735 0
b
34.3883 4.6097
35 4.61344
b
34.3883 4.6097
35 4.90613
b
33.9967 4.22276
34.3883 4.6097
b
33.5114 3.75281
33.9967 4.22276
b
32.1945 3.61112
33.5114 3.75281
b
30 4.22489
30.5964 3.60444
b
31.6701 3.70653
32.0686 3.58222
b
32.1959 3.51417
32.1945 3.61112
b
32.0686 3.58222
32.1959 3.51417
b
30.8589 3.49334
31.6701 3.70653
b
30.5964 3.60444
30.8589 3.49334
b
33.9967 4.22276
34.5558 3.11447
b
30.8589 3.49334
30.7845 2.66358
b
34.5558 3.11447
34.9359 2.50693
b
30.7845 2.66358
31.1548 1.9247
b
35 1.74722
34.7959 1.39864
b
35 1.87805
35 1.75389
b
34.9359 2.50693
35 1.95044
b
31.1548 1.9247
30.4745 1.23275
b
34.5756 1.09274
34.5199 1.10492
b
34.7959 1.39864
34.5756 1.09274
b
30 0.853881
30.4745 1.23275
b
34.5199 1.10492
33.9368 0
b
35.9405 4.62253
35.7742 5.00001
b
35.6992 4.61916
35.9405 4.62253
b
35.6083 4.61776
35.6992 4.61916
b
35.6083 4.61776
35.6992 4.61916
b
35.5089 4.61666
35.6083 4.61776
b
35 4.61344
35.5089 4.61666
b
35.3429 5.00001
35.5089 4.61666
b
35 4.90613
35.2688 5.00001
b
35.5089 4.61666
35.6083 4.61776
b
35.9536 4.59364
35.9405 4.62253
b
36.0453 4.44725
35.9536 4.59364
b
36.2111 4.44806
36.0453 4.44725
b
36.7122 4.43391
36.2111 4.44806
b
39.2961 3.4764
36.7122 4.43391
b
40 3.9286
39.2961 3.4764
b
35 1.75389
35 1.74722
b
35 1.95044
35 1.87805
b
44.4254 4.93649
45 4.95476
b
42.0739 4.17612
42.7347 4.27249
b
41.9053 3.98031
42.0739 4.17612
b
40.7839 4.28803
41.9053 3.98031
b
40.7839 4.28803
40 3.9286
b
41.9053 3.98031
40.9886 2.32153
b
40.9886 1.31181
40.9886 0
b
40.9886 2.32153
40.9886 1.31181
b
42.7347 4.27249
44.4254 4.93649
b
45.0078 4.96253
45.0414 5.00001
b
45 4.95476
45.0078 4.96253
b
13.9376 0
14.4184 -1.03525
b
12.7428 -1.88363
12.4539 -1.87805
b
14.4184 -1.03525
14.3714 -1.92859
b
12.4539 -1.87805
12.4995 -2.13753
b
13.0014 -2.36781
12.7428 -1.88363
b
13.85 -2.25942
13.0014 -2.36781
b
14.3714 -1.92859
13.85 -2.25942
b
12.4995 -2.13753
11.1392 -3.92853
b
12.7792 -4.38888
12.6361 -4.56115
b
13.0914 -4.63302
12.7792 -4.38888
b
13.9056 -4.48942
13.5792 -4.77918
b
13.0914 -4.63302
12.7859 -4.78747
b
12.6361 -4.56115
12.2825 -4.79334
b
13.5792 -4.77918
13.0914 -4.63302
b
14.4189 -4.88721
13.9056 -4.48942
b
15 -4.57552
14.4189 -4.88721
b
12.2825 -4.79334
12.043 -5.00001
b
12.7859 -4.78747
12.598 -5.00001
b
17.7653 0
15.483 -4.15331
b
15.4865 -4.16798
15 -4.57552
b
15.483 -4.15331
15.4865 -4.16798
b
29.735 0
29.8292 -1.31914
b
29.597 -1.38581
29.4513 -1.50417
b
29.9522 -2.30943
30 -2.33892
b
29.2334 -1.6942
29.0244 -2.7447
b
29.5692 -2.79919
29.6174 -2.79215
b
29.0244 -2.7447
29.3255 -2.67085
b
29.0244 -2.7447
29.2386 -3.08081
b
29.2369 -3.27193
29.2144 -3.33698
b
29.7839 -4.40692
30 -4.28209
b
29.2144 -3.33698
29.4233 -4.44747
b
29.6575 -4.44447
29.4233 -4.44747
b
29.7839 -4.40692
29.6575 -4.44447
b
29.4233 -4.44747
29.3653 -5.00001
b
29.9128 -1.46853
30 -1.4447
b
29.4513 -1.50417
29.2334 -1.6942
b
29.4295 -2.80219
29.5692 -2.79919
b
29.2386 -3.08081
29.2369 -3.27193
b
29.3255 -2.67085
29.4295 -2.80219
b
29.6174 -2.79215
29.9522 -2.30943
b
29.8292 -1.31914
29.9128 -1.46853
b
33.9368 0
33.9506 -0.048037
b
31.8215 -0.999972
31.8391 -0.999972
b
31.2659 -0.999972
31.8215 -0.999972
b
31.8391 -0.999972
31.9978 -0.999972
b
32.7425 -0.999972
32.8902 -0.999972
b
31.9978 -0.999972
32.7425 -0.999972
b
32.8902 -0.999972
33.4388 -0.999972
b
33.9506 -0.048037
33.9239 -0.999972
b
33.4388 -0.999972
34.0631 -1.03473
b
30.3716 -1.05776
31.2659 -0.999972
b
30.3455 -1.12919
30.3716 -1.05776
b
30.3152 -1.14386
30.3455 -1.12919
b
30.6317 -1.37334
30.4822 -1.06334
b
34.0631 -1.03473
34.7172 -1.39886
b
30 -1.4447
30.3152 -1.14386
b
34.7172 -1.39886
35 -1.55668
b
30.8246 -1.6444
30.6317 -1.37334
b
30.2858 -2.35608
30.3564 -2.33642
b
30.7822 -2.38057
30.8777 -2.05055
b
30.5739 -2.39803
30.7822 -2.38057
b
30.3564 -2.33642
30.5739 -2.39803
b
30 -2.33892
30.2858 -2.35608
b
30.5739 -2.39803
30.5228 -2.64892
b
30.4836 -2.94667
30.5228 -2.64892
b
30.4836 -2.94667
30.8447 -2.97615
b
30.8013 -3.04165
30.8447 -2.97615
b
30.8013 -3.04165
30.3914 -3.71108
b
30 -4.28209
30.1847 -4.05137
b
30.3914 -3.71108
30.4008 -3.7861
b
30.1847 -4.05137
30.4008 -3.7861
b
30.8777 -2.05055
30.8246 -1.6444
b
35 -1.55668
39.0467 -4.55711
39.2031 -4.66969
b
40.9886 0
41.558 -1.67498
b
140.999 0
141.006 -4.99722
b
140.997 0
141.003 0
b
141.007 -9.1286
141.006 -5.99998
b
144.129 -10
141.007 -9.1286
b
141.006 -5.99998
141.006 -4.99722
b
141.004 -2.60755
141.006 -4.99722
b
-97.1375 25.9669
-99.3445 26.9363
b
-99.8066 27.7716
-100 28.0074
b
-99.3445 26.9363
-99.8066 27.7716
b
-90.9825 17.8205
-90 17.8208
b
-91.437 17.2575
-90.9825 17.8205
b
-90.7158 16.7267
-91.437 17.2575
b
-90.4475 16.0789
-90.7158 16.7267
b
-90.9916 16.0758
-90.4475 16.0789
b
-92.1081 15.4375
-90.9916 16.0758
b
-92.0658 15.0778
-92.1081 15.4375
b
-92.2462 14.5485
-92.0658 15.0778
b
-90 13.9536
-90.0964 13.7459
b
-89.1503 15.0736
-89.1802 15
b
-88.6 18.2359
-88.2995 18.4831
b
-88.6175 18.2161
-88.6 18.2359
b
-88.2995 18.4831
-87.7433 18.1725
b
-88.6175 18.2161
-88.7742 17.9889
b
-90 17.8208
-89.4305 17.8197
b
-89.142 17.8189
-89.1431 17.9559
b
-89.4305 17.8197
-88.9106 15.8936
b
-88.2147 15.7245
-89.1503 15.0736
b
-88.7742 17.9889
-89.1431 17.9559
b
-85 10.9775
-84.3553 10.9933
b
-85 14.7213
-84.9845 14.7414
b
-84.3553 10.9933
-84.158 10.7841
b
-83.7608 10.7714
-83.6458 10.9247
b
-84.158 10.7841
-83.7608 10.7714
b
-83.4364 14.9878
-83.1319 14.993
b
-84.2561 14.7505
-83.4364 14.9878
b
-84.9845 14.7414
-84.2561 14.7505
b
6.71892 52.6267
6.70513 52.5
b
8.50713 55
8.66444 54.9131
b
8.74438 54.8967
8.84155 54.9136
b
8.66444 54.9131
8.74438 54.8967
b
8.84155 54.9136
10 54.7833
b
7.19114 53.3247
6.41302 53.6055
b
7.2083 53.2428
6.71892 52.6267
b
10 54.7833
10.0308 54.7658
b
10.9044 53.9572
10.9061 53.9497
b
10.8186 53.89
10.9061 53.9497
b
10.8186 53.89
10.7683 53.7808
b
10.758 53.7478
10.9536 53.6575
b
10.9114 53.5716
10.6011 53.3659
b
11.5822 53.0369
10.6011 53.3659
b
11.5822 53.0369
11.0028 52.5
b
10.9536 53.6575
10.9114 53.5716
b
10.7683 53.7808
10.758 53.7478
b
19.6272 54.4634
19.6066 54.4733
b
20 54.4195
19.6272 54.4634
b
160 -0.010634
159.999 -0.0011
b
159.999 -5.00749
160 -4.99333
b
157.185 -5.99998
159.999 -5.00749
b
160 -0.0011
159.999 -0.0011
b
159.999 -5.00749
160 -5.00749
b
159.999 -0.0011
159.513 0
b
155 -7.29
157.185 -5.99998
b
155.023 -10
155 -7.29
b
169 -5.00001
169 0
b
169 -0.00528
163.593 0
160 0
b
160 -5.00749
165.396 -5.00837
169 -5.00001
b
160 -5.00749
160 -0.00418
160 0
b
171.24 -10.9986
177.741 -10.9997
178 -10.9995
b
178 -11.9997
178 -10.9995
b
178 -11.9997
180 -12
b
171.24 -10.9986
172.004 -12.9997
b
170 -12.9989
172.004 -12.9997
b
178 -15
178 -11.9997
b
178 -15
180 -15
b
172.004 -12.9997
173.998 -16.9875
b
173.999 -20
173.998 -16.9875
b
178 -10.9995
180 -7.99999
b
13.0708 -5.86775
12.3781 -6.05249
b
12.043 -5.00001
12.0261 -5.01497
b
12.598 -5.00001
12.2145 -5.76859
b
13.8075 -5.85638
13.4053 -5.85447
b
15 -5.86305
14.7586 -5.87809
b
13.1789 -5.85638
13.0708 -5.86775
b
14.3972 -5.89474
13.8075 -5.85638
b
14.7586 -5.87809
14.3972 -5.89474
b
13.1789 -5.85638
13.4053 -5.85447
b
16.7253 -6.19748
16.5989 -5.99998
b
16.7961 -6.6964
16.7253 -6.19748
b
20 -7.00002
19.5643 -7.05576
b
17.0953 -7.37918
16.7961 -6.6964
b
19.5643 -7.05576
19.3739 -7.57221
b
17.2669 -7.61335
17.0953 -7.37918
b
19.3739 -7.57221
19.4019 -7.68192
b
18.7642 -7.92974
18.6083 -7.93025
b
19.4019 -7.68192
19.3737 -7.99999
b
18.7919 -7.99999
18.7642 -7.92974
b
19.3737 -7.99999
18.7919 -7.99999
b
18.6083 -7.93025
18.1124 -8.02874
b
17.5356 -8.08052
17.2669 -7.61335
b
18.1124 -8.02874
17.5356 -8.08052
b
16.1 -5.85946
15 -5.86305
b
16.4383 -5.89664
16.1 -5.85946
b
16.5989 -5.99998
16.4383 -5.89664
b
20.6297 -6.91392
20 -7.00002
b
21.783 -7.28084
20.6297 -6.91392
b
21.8261 -7.64555
21.783 -7.28084
b
21.9092 -8.33222
21.8261 -7.64555
b
21.8534 -8.96498
21.9092 -8.33222
b
21.8394 -9.12164
21.8534 -8.96498
b
22.1772 -10
21.8394 -9.12164
b
30 -8.30992
28.5222 -9.37803
b
28.5211 -9.38191
28.5222 -9.37803
b
28.6282 -10
28.5211 -9.38191
b
29.3653 -5.00001
30 -8.30992
b
30.7714 -8.19221
31.168 -8.5958
b
31.7386 -8.91805
31.7855 -8.88497
b
31.168 -8.5958
31.7386 -8.91805
b
31.7855 -8.88497
33.0264 -9.4133
b
32.9947 -9.55969
32.9403 -9.40611
b
34.1364 -9.57113
33.9197 -9.70776
b
32.9961 -9.61887
32.9947 -9.55969
b
33.0264 -9.4133
33.9197 -9.70776
b
33.3307 -10
32.9961 -9.61887
b
34.5167 -10
34.1364 -9.57113
b
22.3081 -10.6128
22.1772 -10
b
23.9861 -10.8705
24.0339 -11.1289
b
23.9861 -10.8705
22.48 -11.1333
b
22.2447 -11.2331
22.3081 -10.6128
b
22.2392 -11.2489
22.2447 -11.2331
b
22.48 -11.1333
22.2392 -11.2489
b
25 -11.2703
23.9861 -10.8705
b
24.0339 -11.1289
21.9984 -13.2533
b
21.9973 -13.4233
21.9984 -13.2533
b
21.9984 -13.6977
21.9973 -13.4233
b
21.9992 -15
21.9984 -13.6977
b
28.4303 -11.2884
28.6282 -10
b
28.3616 -11.4453
28.4303 -11.2884
b
26.4611 -11.9172
25 -11.2703
b
27.1992 -11.5681
26.4611 -11.9172
b
27.6 -12.2333
27.1992 -11.5681
b
29.805 -12.1553
28.3616 -11.4453
b
28.8205 -12.9867
27.6 -12.2333
b
29.0658 -13.3875
28.8205 -12.9867
b
29.805 -12.1553
29.0658 -13.3875
b
33.7022 -10.5619
33.3307 -10
b
34.5802 -10.5344
34.5167 -10
b
34.9667 -11.5722
34.5802 -10.5344
b
34.9667 -11.5722
35 -11.5727
b
34.5814 -11.9769
34.5814 -11.9769
b
34.6994 -12.0114
34.6994 -12.0114
b
34.9667 -11.5722
34.3734 -12.2464
b
33.5286 -12.3778
33.7022 -10.5619
b
34.3734 -12.2464
34.8661 -13.5064
b
33.2222 -14.0125
33.5286 -12.3778
b
34.8661 -13.5064
35 -13.6064
b
33.2222 -14.0125
30.2128 -14.9803
b
34.602 -15
33.2222 -14.0125
b
30.2128 -14.9803
30.2148 -15
b
38.4917 -11.4153
40 -10.8081
b
38.0967 -11.2564
38.4917 -11.4153
b
35 -11.5727
35.4114 -11.5769
b
37.4619 -11.7272
38.0967 -11.2564
b
36.5555 -11.7408
37.4619 -11.7272
b
35.4114 -11.5769
36.5555 -11.7408
b
35 -13.6064
35.8762 -15
b
40 -10.8081
40.4358 -10.4789
b
150 -12
144.895 -12
144.129 -10
b
155.024 -11.9994
155.023 -10
b
155.024 -11.9994
154.998 -11.9991
b
155 -12.995
160 -12.9967
b
157.997 -16.9967
157.998 -12.9958
b
157.997 -16.9967
160 -17
b
157.996 -20
157.997 -16.9967
b
155 -12.995
150 -12
b
160.571 -12.9967
160.642 -12.9967
b
160 -12.9967
160.571 -12.9967
b
160.642 -12.9967
165.777 -12.9978
170 -12.9989
b
160 -17
164 -17
b
168.552 -20
164 -17
b
15 -17.3896
13.9933 -17.4239
b
12.0531 -17.1436
11.7528 -17.2547
b
13.3464 -16.9706
12.0531 -17.1436
b
13.9933 -17.4239
13.3464 -16.9706
b
18.4086 -17.3884
18.0006 -17.3861
b
15.3733 -17.3892
15 -17.3896
b
18.4086 -17.3884
18.4517 -17.3898
b
17.2789 -17.3922
15.3733 -17.3892
b
18.0006 -17.3861
17.2789 -17.3922
b
18.4517 -17.3898
20 -17.8853
b
22.0003 -16.1717
21.9992 -15
b
24.2391 -17.4783
25 -17.5884
b
24.2391 -17.4783
22.0003 -16.1717
b
23.4761 -17.6258
23.2847 -17.6625
b
20 -17.8853
20.4858 -17.9383
b
23.2847 -17.6625
21.3794 -18.015
b
20.4858 -17.9383
20.7811 -18.0128
b
21.3794 -18.015
20.7811 -18.0128
b
23.887 -18.2648
25 -17.8261
b
20.9933 -18.3184
23.2942 -18
b
23.6108 -18.4853
23.887 -18.2648
b
23.2942 -18
23.6108 -18.4853
b
20.9936 -19.172
20.9933 -18.3184
b
20.993 -19.9983
20.9936 -19.172
b
20.993 -20
20.993 -19.9983
b
28.9433 -15.9636
30 -15.6528
b
28.7614 -16.5347
28.9433 -15.9636
b
28.0258 -16.8731
28.7614 -16.5347
b
27.5325 -17.4131
28.0258 -16.8731
b
27.5197 -17.4239
27.5325 -17.4131
b
25 -17.5884
25.2644 -17.8022
b
25 -17.8261
25.2644 -17.8022
b
27.0217 -17.9627
27.5197 -17.4239
b
25.2644 -17.8022
27.0217 -17.9627
b
25.2644 -17.8022
26.6947 -19.8773
b
27.019 -20
27.0234 -20
b
26.6947 -19.8773
26.9439 -20
b
34.5869 -15.2239
34.602 -15
b
30.2148 -15
30.4159 -15.632
b
30.2936 -15.6503
30.4159 -15.632
b
30 -15.6528
30.2936 -15.6503
b
30.4159 -15.632
32.9811 -16.7092
b
35 -16.7957
34.5869 -15.2239
b
32.9811 -16.7092
33.0375 -17.3739
b
32.9758 -18.1014
33.0375 -17.3739
b
32.9758 -18.1014
33.003 -18.4111
b
32.7152 -18.8991
33.003 -18.4111
b
33.0178 -20
32.7152 -18.8991
b
35.8762 -15
35 -16.7957
b
19.9986 -22.9706
20 -22
b
20 -23.8645
19.9986 -22.9706
b
20 -24.7645
20.3424 -25
b
20 -23.8645
20 -24.7645
b
21 -21
21 -20
b
21 -22
20 -22
b
21 -22
21 -21
b
20 -24.7645
20 -25
b
26.8647 -24.1786
26.8944 -24
b
26.4011 -24.6319
26.8647 -24.1786
b
26.4011 -24.6319
26.1678 -24.6639
b
26.09 -24.6891
25.8675 -24.74
b
25.8334 -25
25.8675 -24.74
b
27.0234 -20
27.2875 -20.495
b
26.9439 -20
27.0234 -20
b
27.2875 -20.495
29.3734 -22.1923
b
29.315 -22.1906
30 -22.2232
b
28.9108 -22.4589
29.315 -22.1906
b
28.3878 -22.5761
28.9108 -22.4589
b
27.8734 -23.0906
28.3878 -22.5761
b
27.0458 -23.6758
27.8734 -23.0906
b
26.9592 -23.7522
27.0458 -23.6758
b
26.8944 -24
26.9592 -23.7522
b
26.1678 -24.6639
26.09 -24.6891
b
31.942 -24.2677
31.8774 -23.9525
b
32.0162 -25
31.942 -24.2677
b
32.4889 -21.3445
33.0178 -20
b
32.4161 -21.3072
32.4889 -21.3445
b
30.9234 -22.2933
31.097 -22.3348
b
30 -22.2232
30.9234 -22.2933
b
31.2983 -22.4147
32.4161 -21.3072
b
31.097 -22.3348
31.2983 -22.4147
b
31.5539 -23.2381
31.2983 -22.4147
b
31.8774 -23.9525
31.5539 -23.2381
b
160 -23.4986
157.996 -20
b
169.727 -20.7464
168.552 -20
b
173.998 -20.7506
173.999 -20
b
169.727 -20.7464
173.998 -20.7506
b
173.999 -23.5011
179.712 -23.5
180 -23.5
b
173.999 -23.5011
173.998 -20.7506
b
173.999 -23.5011
168.637 -23.5003
163.086 -23.4997
160 -23.4986
b
20 -26
19.9961 -28.4214
b
17.1716 -28.1023
16.4897 -28.5781
b
19.2105 -28.9181
17.1716 -28.1023
b
19.9961 -28.4214
19.2105 -28.9181
b
20.0009 -25
20.0005 -25.6164
b
25 -25.744
24.5014 -25.7614
b
24.4809 -25.7514
22.6247 -26.1117
b
20.3424 -25
20.6925 -26.8958
b
22.6247 -26.1117
20.6925 -26.8958
b
20.0005 -25.6164
20 -26
b
24.5014 -25.7614
24.4809 -25.7514
b
28.6631 -28.5781
28.4883 -28.61
b
28.7014 -28.6142
28.6631 -28.5781
b
28.8659 -28.7616
28.7014 -28.6142
b
28.4883 -28.61
27.7175 -28.9495
b
29.3153 -29.0806
28.8659 -28.7616
b
27.7175 -28.9495
27.6198 -29.1184
b
29.4561 -29.3472
29.3153 -29.0806
b
29.38 -29.4422
29.4561 -29.3472
b
29.2928 -29.5109
29.38 -29.4422
b
27.6198 -29.1184
27.0116 -29.6442
b
29.1681 -29.9025
29.2928 -29.5109
b
27.0116 -29.6442
27.2178 -29.9786
b
29.0225 -29.9897
29.1681 -29.9025
b
28.9954 -30
29.0225 -29.9897
b
27.2178 -29.9786
27.2315 -30
b
32.0144 -25.1797
32.0162 -25
b
31.9911 -25.4392
32.0144 -25.1797
b
32.0186 -25.6461
31.9911 -25.4392
b
31.9686 -25.9578
32.0186 -25.6461
b
31.4217 -25.7284
31.1108 -25.9834
b
31.9686 -25.9578
31.4217 -25.7284
b
31.1108 -25.9834
30.8022 -26.4683
b
30.7991 -26.5266
30.8089 -26.7436
b
32.1333 -26.8397
31.9686 -25.9578
b
32.0094 -26.808
32.3325 -26.8575
b
32.8905 -26.8472
32.3325 -26.8575
b
31.985 -27.2894
32.0094 -26.808
b
30.8089 -26.7436
31.2475 -27.2293
b
30.8022 -26.4683
30.7991 -26.5266
b
31.2475 -27.2293
31.985 -27.2894
b
28.2578 -30.3392
28.9954 -30
b
27.2315 -30
27.3789 -30.3172
b
27.9503 -30.64
27.3789 -30.3172
b
28.0992 -30.6486
28.2578 -30.3392
b
27.9503 -30.64
28.0992 -30.6486
b
23.3798 52.5
23.9386 52.7747
b
23.5041 53.9469
21.5706 54.3284
b
23.9386 52.7747
23.5905 53.6945
b
25 54.1461
23.5041 53.9469
b
22.627 55
22.7859 54.3639
b
21.5706 54.3284
20 54.4195
b
23.5905 53.6945
23.5041 53.9469
b
4.1591 50
4.67798 50
b
4.82539 50
5.00001 49.7998
b
7.00912 47.5
7.0452 47.5
b
7.11384 47.5
7.1445 47.5
b
7.50166 47.5
7.52637 47.5611
b
9.55961 47.5
9.55778 47.5058
b
9.72925 47.5352
9.99818 47.5
b
8.71028 47.6969
8.71028 47.6969
b
8.72062 47.6969
8.80027 47.6817
b
9.12889 47.6686
9.17891 47.663
b
8.80027 47.6817
9.12889 47.6686
b
8.61024 47.6677
8.72062 47.6969
b
8.57636 47.5914
8.61024 47.6677
b
7.58835 47.5844
7.61863 48
b
8.56588 47.6061
8.57636 47.5914
b
7.58835 47.5844
7.62113 47.5611
b
8.41934 47.575
7.73047 47.5487
b
9.17891 47.663
9.72925 47.5352
b
9.55778 47.5058
9.56724 47.5406
b
6.13969 50
6.24332 49.8931
b
5.81898 50
5.77556 49.873
b
6.24332 49.8931
6.31585 49.8553
b
5.77556 49.873
5.74388 49.8525
b
6.31585 49.8553
6.5011 49.7381
b
5.00001 49.7998
5.15834 49.7175
b
5.74388 49.8525
5.87611 49.71
b
6.5011 49.7381
6.50719 49.7064
b
5.15834 49.7175
5.39222 49.6225
b
5.87611 49.71
5.72364 49.5394
b
6.3564 49.5258
6.37239 49.5896
b
5.4825 49.5055
5.72364 49.5394
b
5.39222 49.6225
5.4825 49.5055
b
5.95304 49.4917
5.80776 49.545
b
6.3622 49.4595
6.3564 49.5258
b
6.3622 49.4595
5.95304 49.4917
b
7.36914 49.1689
7.49168 49.1352
b
6.3622 49.4595
7.36914 49.1689
b
7.49168 49.1352
8.2261 48.9644
b
7.57698 48.1131
8.2261 48.9644
b
7.61863 48
7.57698 48.1131
b
6.37239 49.5896
6.50719 49.7064
b
8.49474 47.5839
8.41934 47.575
b
8.49474 47.5839
8.56588 47.6061
b
7.73047 47.5487
7.62113 47.5611
b
7.52637 47.5611
7.58835 47.5844
b
10.4373 47.5
10.869 47.5
b
11.4135 47.5
12.1958 47.608
b
12.1785 47.7035
12.5629 47.6421
b
13.055 47.5
13.0089 47.8542
b
12.1958 47.608
12.1785 47.7035
b
12.417 50
13.4025 49.0061
b
13.8336 48.7736
13.5211 48.9789
b
13.4506 48.5689
13.5053 48.5831
b
13.8336 48.7736
14.6933 48.5834
b
13.7261 48.5166
13.8336 48.7736
b
13.5053 48.5831
13.7261 48.5166
b
12.8681 47.9876
13.4506 48.5689
b
13.0089 47.8542
12.8681 47.9876
b
12.5629 47.6421
12.913 47.5
b
14.6933 48.5834
15 49.015
b
13.5211 48.9789
13.4025 49.0061
b
16.6549 47.5
16.5503 47.7511
b
17.2511 48.025
18.8497 47.8178
b
16.6883 47.7434
16.8133 47.6845
b
16.5503 47.7511
16.6883 47.7434
b
16.8133 47.6845
17.1664 48.0125
b
17.9597 50
17.8285 50
b
18.3467 49.9361
18.1082 50
b
18.5795 49.815
18.3467 49.9361
b
18.6325 49.7225
18.5795 49.815
b
18.8514 49.5175
18.6325 49.7225
b
18.9836 49.423
18.8514 49.5175
b
19.5211 49.5742
18.9836 49.423
b
19.8681 49.1972
19.5211 49.5742
b
15 49.015
15.8428 48.8778
b
15.9544 48.8261
16.9766 48.175
b
20 48.1703
19.5511 48.2153
b
18.9656 48.0597
19.0104 48.0721
b
19.5511 48.2153
19.0104 48.0721
b
18.8275 48.0361
18.9656 48.0597
b
17.1664 48.0125
17.2511 48.025
b
17.1664 48.0125
17.0739 48.1205
b
18.8275 48.0361
18.8497 47.8178
b
15.9544 48.8261
15.8428 48.8778
b
20 49.2166
19.8681 49.1972
b
18.1161 49.1317
18.8514 49.5175
b
18.0783 49.0445
18.1161 49.1317
b
17.5253 48.8148
18.0783 49.0445
b
17.1881 48.87
17.5253 48.8148
b
17.1881 48.87
16.9477 48.6217
b
16.9766 48.175
17.0739 48.1205
b
22.0074 47.5
22.118 47.578
b
22.1897 47.6039
22.8961 47.9539
b
22.118 47.578
22.1897 47.6039
b
20.3328 49.4006
20.4511 49.4128
b
21.4009 49.4292
21.8003 49.3789
b
20.4511 49.4128
21.4009 49.4292
b
20 49.2166
20.3328 49.4006
b
21.8003 49.3789
22.5581 49.0794
b
21.3085 48.548
21.2779 48.5052
b
22.1514 48.4119
21.3085 48.548
b
21.2779 48.5052
20 48.1703
b
22.8961 47.9539
23.5453 48.0105
b
24.1692 47.923
23.5453 48.0105
b
22.6859 49.5771
23.1754 50
b
24.1692 47.923
24.5722 47.9494
b
24.9289 47.7131
25 47.7244
b
24.5722 47.9494
24.9289 47.7131
b
22.8961 47.9539
22.1695 48.4072
b
22.1514 48.4119
22.5581 49.0794
b
22.883 49.0058
22.6859 49.5771
b
22.5581 49.0794
22.883 49.0058
b
22.1695 48.4072
22.1514 48.4119
b
129.301 42.4
129.492 42.4
b
129.561 42.4
130 42.9614
b
127.5 38.3022
128.365 38.6211
b
35 32.016
35 31.9977
b
35 32.2236
35 32.0719
b
35 31.8589
35 31.8313
b
35 31.9723
35 31.9604
b
34.9634 31.8589
35 31.821
b
35 31.9839
35 31.9297
b
35 31.6453
35 31.3618
b
34.2675 31.2166
34.4906 31.5961
b
34.2166 31.3234
34.7547 30
b
35 31.8682
34.9634 31.8589
b
35.4128 32.5
35.208 32.5464
b
36.1655 32.5183
36.2412 32.5
b
35.208 32.5464
35.1455 32.5
b
35.5636 32.652
35.5664 32.5
b
39.1872 32.5
39.18 32.5153
b
36.3086 34.6828
36.3933 34.6342
b
35.9728 34.6475
36.3086 34.6828
b
36.3933 34.6342
35.8519 33.4172
b
38.7947 33.3775
40 33.9478
b
35.8519 33.4172
35.6697 33.2516
b
38.5336 33.2411
38.7947 33.3775
b
35.6697 33.2516
35.6692 33.2122
b
35.6697 33.2516
35.6692 33.2122
b
38.3189 33.1289
38.5336 33.2411
b
35.5059 33.115
35.6236 33.2459
b
35.6692 33.2122
35.65 33.0911
b
35.1008 33.0936
35.5059 33.115
b
35.65 33.0911
35.6145 32.895
b
35.65 33.0911
35.6317 32.75
b
35.6392 32.8153
35.5983 32.7152
b
35.7633 32.7489
35.94 32.6992
b
37.4955 32.6889
38.3189 33.1289
b
35.5983 32.7152
35.6319 32.6872
b
35.6656 32.762
35.6742 32.6924
b
35.6489 32.6853
35.6319 32.6872
b
35.6489 32.6853
35.6742 32.6924
b
35.6319 32.6872
35.5636 32.652
b
35.94 32.6992
36.1655 32.5183
b
39.18 32.5153
38.7947 33.3775
b
37.1528 32.5
37.4955 32.6889
b
38.7947 33.3775
39.0772 32.5022
b
35.6742 32.6924
35.7633 32.7489
b
99.2236 23.1009
98.9358 23.1878
b
98.7022 23.8519
98.8903 24.1608
b
98.7575 24.1217
98.8903 24.1608
b
97.5542 24.7272
97.7248 25
b
97.7283 24.2267
97.5542 24.7272
b
97.65 23.8517
97.7283 24.2267
b
97.8484 23.9558
97.65 23.8517
b
98.5966 24.0778
97.8484 23.9558
b
98.5966 24.0778
98.7575 24.1217
b
98.8098 23.5278
98.7022 23.8519
b
98.9358 23.1878
98.8098 23.5278
b
99.5145 23.0706
99.2236 23.1009
b
99.3981 22.8117
99.5145 23.0706
b
99.3831 22.5
99.3981 22.8117
b
25.8322 -25.0231
25.8334 -25
b
25.8322 -25.0231
25 -25.744
b
10 51.4081
10 51.2864
b
10 50.9375
10 50.9208
b
10 50.8305
10 50.6764
b
13.5175 52.4086
13.4539 52.5
b
13.6226 52.5
13.1555 52.5
b
14.6925 52.2544
14.6352 52.5
b
14.7609 52.07
14.6925 52.2544
b
14.718 51.9908
14.7609 52.07
b
14.7186 51.9495
14.718 51.9908
b
14.7315 51.54
14.7186 51.9495
b
14.982 51.368
14.9677 51.4175
b
14.5084 51.0431
14.2378 50.8809
b
15 51.3185
14.982 51.368
b
15 51.1546
15 51.1624
b
14.8283 50.8658
15 51.143
b
15 50.8664
14.8283 50.8658
b
15 50.922
15 50.9075
b
15 51.0086
15 50.9846
b
14.2378 50.8809
14.2206 50.858
b
14.8283 50.8658
14.5084 51.0431
b
14.2206 50.858
12.9542 50.4125
b
14.9677 51.4175
14.7315 51.54
b
12.9542 50.4125
12.5 50.3808
b
17.8285 50
17.5 50.2719
b
18.053 50.0559
17.9597 50
b
18.1082 50
18.053 50.0559
b
101.761 22.5
101.782 22.5
b
103.083 22.5
103.522 22.5845
b
102.35 22.5689
102.921 22.5
b
103.522 22.5845
103.964 22.5
b
104.359 22.6872
105 23.1919
b
103.968 22.5
104.359 22.6872
b
102.278 22.5
102.35 22.5689
b
106.577 22.5
106.675 22.8744
b
105 23.1919
105.527 23.1831
b
105.566 23.0967
105.527 23.1831
b
106.675 22.8744
105.566 23.0967
b
101.19 17.5
101.56 17.8139
b
104.963 19.9884
104.976 20
b
100.544 20
100.502 19.8722
b
101.234 19.3389
101.087 18.3877
b
100.941 17.5644
101.075 17.5
b
104.261 17.8819
104.718 17.5
b
104.16 19.688
104.963 19.9884
b
103.635 18.3795
104.196 18.015
b
100.408 19.7386
100.585 19.4939
b
101.087 18.3877
100.984 17.7503
b
101.56 17.8139
102.108 18.2095
b
104.196 18.015
104.261 17.8819
b
100.585 19.4939
101.234 19.3389
b
100.984 17.7503
100.941 17.5644
b
104.221 19.1114
104.16 19.688
b
105 18.7405
104.221 19.1114
b
103.635 18.3795
103.087 18.138
b
102.108 18.2095
103.087 18.138
b
100.502 19.8722
100.408 19.7386
b
102.729 12.5
102.522 12.7509
b
105 14.3283
105 14.3104
b
103.244 14.3353
103.434 14.3895
b
102.522 12.7509
102.358 13.3884
b
104.918 14.4014
105 14.3846
b
102.935 14.1686
103.244 14.3353
b
102.358 13.3884
102.935 14.1686
b
103.434 14.3895
104.918 14.4014
b
14.2189 53.8692
14.2256 53.9286
b
14.2809 53.7875
14.2189 53.8692
b
14.2756 53.6992
14.2809 53.7875
b
14.4133 53.3389
14.2756 53.6992
b
14.4458 53.27
14.4133 53.3389
b
14.4484 52.6753
14.4458 53.27
b
13.4535 52.5
13.3725 52.6222
b
13.1555 52.5
13.6226 52.5
b
14.6352 52.5
14.4484 52.6753
b
105.211 14.3497
106.628 14.4673
b
107.547 14.7086
106.628 14.4673
b
105.593 15
105.211 14.3497
b
105 14.3104
105.211 14.3497
b
105 14.3846
105 14.3283
b
107.583 12.5
107.606 13.3111
b
107.474 13.9317
107.478 15
b
107.606 13.3111
107.474 13.9317
b
25 47.7244
26.1026 47.9821
b
27.3616 47.6172
27.1361 48
b
26.635 48.2572
27.1361 48
